name,callsign,imonumber,flag,length,type,grosstonnage,mmsinumber,latitudedegrees,longitudedegrees,speedoverground,speedoverwater,courseoverground,courseoverwater,headingoverground,headingoverwater,timestamp,is_stopped
HERTA,CQHO    ,9535151,PT,,CS,59307,255805590,1.28531669185,103.757770561,0.0,0.0,4.64083,0.0,2.07694180987,118.998,2023-07-06 01:00:42,True
HERTA,CQHO    ,9535151,PT,,CS,59307,255805590,1.28531669185,103.757770561,0.0,0.0,4.64083,0.0,2.07694180987,118.998,2023-07-06 01:00:53,True
HERTA,CQHO    ,9535151,PT,,CS,59307,255805590,1.28531669185,103.757770561,0.0,0.0,4.64083,0.0,2.07694180987,118.998,2023-07-06 01:01:02,True
HERTA,CQHO    ,9535151,PT,,CS,59307,255805590,1.28531669185,103.757770561,0.0,0.0,4.64083,0.0,2.07694180987,118.998,2023-07-06 01:01:12,True
HERTA,CQHO    ,9535151,PT,,CS,59307,255805590,1.28531669185,103.757770561,0.0,0.0,4.64083,0.0,2.07694180987,118.998,2023-07-06 01:01:22,True
HERTA,CQHO    ,9535151,PT,,CS,59307,255805590,1.28531669185,103.757770561,0.0,0.0,4.64083,0.0,2.07694180987,118.998,2023-07-06 01:01:32,True
HERTA,CQHO    ,9535151,PT,,CS,59307,255805590,1.28531669185,103.757770561,0.0,0.0,4.64083,0.0,2.07694180987,118.998,2023-07-06 01:01:42,True
HERTA,CQHO    ,9535151,PT,,CS,59307,255805590,1.28531669185,103.757770561,0.0,0.0,4.64083,0.0,2.07694180987,118.998,2023-07-06 01:01:53,True
HERTA,CQHO    ,9535151,PT,,CS,59307,255805590,1.28531669185,103.757770561,0.0,0.0,4.64083,0.0,2.07694180987,118.998,2023-07-06 01:02:02,True
HERTA,CQHO    ,9535151,PT,,CS,59307,255805590,1.28531502475,103.757767227,0.0,0.0,4.30398,0.0,2.07694180987,118.998,2023-07-06 01:02:12,True
HERTA,CQHO    ,9535151,PT,,CS,59307,255805590,1.28531502475,103.757767227,0.0,0.0,4.30398,0.0,2.07694180987,118.998,2023-07-06 01:02:22,True
HERTA,CQHO    ,9535151,PT,,CS,59307,255805590,1.28531502475,103.757767227,0.0,0.0,4.30398,0.0,2.07694180987,118.998,2023-07-06 01:02:32,True
HERTA,CQHO    ,9535151,PT,,CS,59307,255805590,1.28531502475,103.757767227,0.0,0.0,4.30398,0.0,2.07694180987,118.998,2023-07-06 01:02:42,True
HERTA,CQHO    ,9535151,PT,,CS,59307,255805590,1.28531502475,103.757767227,0.0,0.0,4.30398,0.0,2.07694180987,118.998,2023-07-06 01:02:53,True
HERTA,CQHO    ,9535151,PT,,CS,59307,255805590,1.28531502475,103.757767227,0.0,0.0,4.30398,0.0,2.07694180987,118.998,2023-07-06 01:03:02,True
HERTA,CQHO    ,9535151,PT,,CS,59307,255805590,1.28531502475,103.757767227,0.0,0.0,4.30398,0.0,2.07694180987,118.998,2023-07-06 01:03:12,True
HERTA,CQHO    ,9535151,PT,,CS,59307,255805590,1.28531502475,103.757767227,0.0,0.0,4.30398,0.0,2.07694180987,118.998,2023-07-06 01:03:22,True
HERTA,CQHO    ,9535151,PT,,CS,59307,255805590,1.28531502475,103.757767227,0.0,0.0,4.30398,0.0,2.07694180987,118.998,2023-07-06 01:03:32,True
HERTA,CQHO    ,9535151,PT,,CS,59307,255805590,1.28531502475,103.757767227,0.0,0.0,4.30398,0.0,2.07694180987,118.998,2023-07-06 01:03:42,True
HERTA,CQHO    ,9535151,PT,,CS,59307,255805590,1.28531502475,103.757767227,0.0,0.0,4.30398,0.0,2.07694180987,118.998,2023-07-06 01:03:53,True
HERTA,CQHO    ,9535151,PT,,CS,59307,255805590,1.28531502475,103.757767227,0.0,0.0,4.30398,0.0,2.07694180987,118.998,2023-07-06 01:04:02,True
HERTA,CQHO    ,9535151,PT,,CS,59307,255805590,1.28531502475,103.757767227,0.0,0.0,4.30398,0.0,2.07694180987,118.998,2023-07-06 01:04:12,True
HERTA,CQHO    ,9535151,PT,,CS,59307,255805590,1.28531502475,103.757767227,0.0,0.0,4.30398,0.0,2.07694180987,118.998,2023-07-06 01:04:22,True
HERTA,CQHO    ,9535151,PT,,CS,59307,255805590,1.28531502475,103.757767227,0.0,0.0,4.30398,0.0,2.07694180987,118.998,2023-07-06 01:04:32,True
HERTA,CQHO    ,9535151,PT,,CS,59307,255805590,1.28531502475,103.757767227,0.0,0.0,4.30398,0.0,2.07694180987,118.998,2023-07-06 01:04:42,True
HERTA,CQHO    ,9535151,PT,,CS,59307,255805590,1.28531502475,103.757767227,0.0,0.0,4.30398,0.0,2.07694180987,118.998,2023-07-06 01:04:53,True
HERTA,CQHO    ,9535151,PT,,CS,59307,255805590,1.2853133601,103.757770561,0.0,0.0,4.30398,0.0,2.07694180987,118.998,2023-07-06 01:05:02,True
HERTA,CQHO    ,9535151,PT,,CS,59307,255805590,1.2853133601,103.757770561,0.0,0.0,5.52222,0.0,2.07694180987,118.998,2023-07-06 01:05:12,True
HERTA,CQHO    ,9535151,PT,,CS,59307,255805590,1.2853133601,103.757770561,0.0,0.0,5.52222,0.0,2.07694180987,118.998,2023-07-06 01:05:22,True
HERTA,CQHO    ,9535151,PT,,CS,59307,255805590,1.2853133601,103.757770561,0.0,0.0,5.52222,0.0,2.07694180987,118.998,2023-07-06 01:05:32,True
HERTA,CQHO    ,9535151,PT,,CS,59307,255805590,1.2853133601,103.757770561,0.0,0.0,5.52222,0.0,2.07694180987,118.998,2023-07-06 01:05:42,True
HERTA,CQHO    ,9535151,PT,,CS,59307,255805590,1.2853133601,103.757770561,0.0,0.0,5.52222,0.0,2.07694180987,118.998,2023-07-06 01:05:53,True
HERTA,CQHO    ,9535151,PT,,CS,59307,255805590,1.2853133601,103.757770561,0.0,0.0,5.52222,0.0,2.07694180987,118.998,2023-07-06 01:06:02,True
HERTA,CQHO    ,9535151,PT,,CS,59307,255805590,1.2853133601,103.757770561,0.0,0.0,5.52222,0.0,2.07694180987,118.998,2023-07-06 01:06:12,True
HERTA,CQHO    ,9535151,PT,,CS,59307,255805590,1.2853133601,103.757770561,0.0,0.0,5.52222,0.0,2.07694180987,118.998,2023-07-06 01:06:22,True
HERTA,CQHO    ,9535151,PT,,CS,59307,255805590,1.2853133601,103.757770561,0.0,0.0,5.52222,0.0,2.07694180987,118.998,2023-07-06 01:06:32,True
HERTA,CQHO    ,9535151,PT,,CS,59307,255805590,1.2853133601,103.757770561,0.0,0.0,5.52222,0.0,2.07694180987,118.998,2023-07-06 01:06:42,True
HERTA,CQHO    ,9535151,PT,,CS,59307,255805590,1.2853133601,103.757770561,0.0,0.0,5.52222,0.0,2.07694180987,118.998,2023-07-06 01:06:53,True
HERTA,CQHO    ,9535151,PT,,CS,59307,255805590,1.2853133601,103.757770561,0.0,0.0,5.52222,0.0,2.07694180987,118.998,2023-07-06 01:07:02,True
HERTA,CQHO    ,9535151,PT,,CS,59307,255805590,1.2853133601,103.757770561,0.0,0.0,5.52222,0.0,2.07694180987,118.998,2023-07-06 01:07:12,True
HERTA,CQHO    ,9535151,PT,,CS,59307,255805590,1.2853133601,103.757770561,0.0,0.0,5.52222,0.0,2.07694180987,118.998,2023-07-06 01:07:22,True
HERTA,CQHO    ,9535151,PT,,CS,59307,255805590,1.2853133601,103.757770561,0.0,0.0,5.52222,0.0,2.07694180987,118.998,2023-07-06 01:07:32,True
HERTA,CQHO    ,9535151,PT,,CS,59307,255805590,1.2853133601,103.757770561,0.0,0.0,5.52222,0.0,2.07694180987,118.998,2023-07-06 01:07:42,True
HERTA,CQHO    ,9535151,PT,,CS,59307,255805590,1.2853133601,103.757770561,0.0,0.0,5.52222,0.0,2.07694180987,118.998,2023-07-06 01:07:53,True
HERTA,CQHO    ,9535151,PT,,CS,59307,255805590,1.28530835977,103.757787225,0.0,0.0,2.49233,0.0,2.07694180987,118.998,2023-07-06 01:08:02,True
HERTA,CQHO    ,9535151,PT,,CS,59307,255805590,1.28530835977,103.757787225,0.0,0.0,2.49233,0.0,2.07694180987,118.998,2023-07-06 01:08:12,True
HERTA,CQHO    ,9535151,PT,,CS,59307,255805590,1.28530835977,103.757787225,0.0,0.0,2.49233,0.0,2.07694180987,118.998,2023-07-06 01:08:22,True
HERTA,CQHO    ,9535151,PT,,CS,59307,255805590,1.28530835977,103.757787225,0.0,0.0,2.49233,0.0,2.07694180987,118.998,2023-07-06 01:08:32,True
HERTA,CQHO    ,9535151,PT,,CS,59307,255805590,1.28530835977,103.757787225,0.0,0.0,2.49233,0.0,2.07694180987,118.998,2023-07-06 01:08:42,True
HERTA,CQHO    ,9535151,PT,,CS,59307,255805590,1.28530835977,103.757787225,0.0,0.0,2.49233,0.0,2.07694180987,118.998,2023-07-06 01:08:53,True
HERTA,CQHO    ,9535151,PT,,CS,59307,255805590,1.28530835977,103.757787225,0.0,0.0,2.49233,0.0,2.07694180987,118.998,2023-07-06 01:09:02,True
HERTA,CQHO    ,9535151,PT,,CS,59307,255805590,1.28530835977,103.757787225,0.0,0.0,2.49233,0.0,2.07694180987,118.998,2023-07-06 01:09:12,True
HERTA,CQHO    ,9535151,PT,,CS,59307,255805590,1.28530835977,103.757787225,0.0,0.0,2.49233,0.0,2.07694180987,118.998,2023-07-06 01:09:22,True
HERTA,CQHO    ,9535151,PT,,CS,59307,255805590,1.28530835977,103.757787225,0.0,0.0,2.49233,0.0,2.07694180987,118.998,2023-07-06 01:09:32,True
HERTA,CQHO    ,9535151,PT,,CS,59307,255805590,1.28530835977,103.757787225,0.0,0.0,2.49233,0.0,2.07694180987,118.998,2023-07-06 01:09:42,True
HERTA,CQHO    ,9535151,PT,,CS,59307,255805590,1.28530835977,103.757787225,0.0,0.0,2.49233,0.0,2.07694180987,118.998,2023-07-06 01:09:53,True
HERTA,CQHO    ,9535151,PT,,CS,59307,255805590,1.28530835977,103.757787225,0.0,0.0,2.49233,0.0,2.07694180987,118.998,2023-07-06 01:10:02,True
HERTA,CQHO    ,9535151,PT,,CS,59307,255805590,1.28530835977,103.757787225,0.0,0.0,2.49233,0.0,2.07694180987,118.998,2023-07-06 01:10:12,True
HERTA,CQHO    ,9535151,PT,,CS,59307,255805590,1.28530835977,103.757787225,0.0,0.0,2.49233,0.0,2.07694180987,118.998,2023-07-06 01:10:22,True
HERTA,CQHO    ,9535151,PT,,CS,59307,255805590,1.28530835977,103.757787225,0.0,0.0,2.49233,0.0,2.07694180987,118.998,2023-07-06 01:10:32,True
HERTA,CQHO    ,9535151,PT,,CS,59307,255805590,1.28530835977,103.757787225,0.0,0.0,2.49233,0.0,2.07694180987,118.998,2023-07-06 01:10:42,True
HERTA,CQHO    ,9535151,PT,,CS,59307,255805590,1.28530835977,103.757787225,0.0,0.0,2.49233,0.0,2.07694180987,118.998,2023-07-06 01:10:53,True
HERTA,CQHO    ,9535151,PT,,CS,59307,255805590,1.28530669279,103.757787225,0.0,0.0,3.91477,0.0,2.07694180987,118.998,2023-07-06 01:11:02,True
HERTA,CQHO    ,9535151,PT,,CS,59307,255805590,1.28530669279,103.757787225,0.0,0.0,3.91477,0.0,2.07694180987,118.998,2023-07-06 01:11:12,True
HERTA,CQHO    ,9535151,PT,,CS,59307,255805590,1.28530669279,103.757787225,0.0,0.0,3.91477,0.0,2.07694180987,118.998,2023-07-06 01:11:22,True
HERTA,CQHO    ,9535151,PT,,CS,59307,255805590,1.28530669279,103.757787225,0.0,0.0,3.91477,0.0,2.07694180987,118.998,2023-07-06 01:11:32,True
HERTA,CQHO    ,9535151,PT,,CS,59307,255805590,1.28530669279,103.757787225,0.0,0.0,3.91477,0.0,2.07694180987,118.998,2023-07-06 01:11:42,True
HERTA,CQHO    ,9535151,PT,,CS,59307,255805590,1.28530669279,103.757787225,0.0,0.0,3.91477,0.0,2.07694180987,118.998,2023-07-06 01:11:53,True
HERTA,CQHO    ,9535151,PT,,CS,59307,255805590,1.28530669279,103.757787225,0.0,0.0,3.91477,0.0,2.07694180987,118.998,2023-07-06 01:12:02,True
HERTA,CQHO    ,9535151,PT,,CS,59307,255805590,1.28530669279,103.757787225,0.0,0.0,3.91477,0.0,2.07694180987,118.998,2023-07-06 01:12:12,True
HERTA,CQHO    ,9535151,PT,,CS,59307,255805590,1.28530669279,103.757787225,0.0,0.0,3.91477,0.0,2.07694180987,118.998,2023-07-06 01:12:22,True
HERTA,CQHO    ,9535151,PT,,CS,59307,255805590,1.28530669279,103.757787225,0.0,0.0,3.91477,0.0,2.07694180987,118.998,2023-07-06 01:12:32,True
HERTA,CQHO    ,9535151,PT,,CS,59307,255805590,1.28530669279,103.757787225,0.0,0.0,3.91477,0.0,2.07694180987,118.998,2023-07-06 01:12:42,True
HERTA,CQHO    ,9535151,PT,,CS,59307,255805590,1.28530669279,103.757787225,0.0,0.0,3.91477,0.0,2.07694180987,118.998,2023-07-06 01:12:53,True
HERTA,CQHO    ,9535151,PT,,CS,59307,255805590,1.28530669279,103.757787225,0.0,0.0,3.91477,0.0,2.07694180987,118.998,2023-07-06 01:13:02,True
HERTA,CQHO    ,9535151,PT,,CS,59307,255805590,1.28530669279,103.757787225,0.0,0.0,3.91477,0.0,2.07694180987,118.998,2023-07-06 01:13:12,True
HERTA,CQHO    ,9535151,PT,,CS,59307,255805590,1.28530669279,103.757787225,0.0,0.0,3.91477,0.0,2.07694180987,118.998,2023-07-06 01:13:22,True
HERTA,CQHO    ,9535151,PT,,CS,59307,255805590,1.28530669279,103.757787225,0.0,0.0,3.91477,0.0,2.07694180987,118.998,2023-07-06 01:13:32,True
HERTA,CQHO    ,9535151,PT,,CS,59307,255805590,1.28530669279,103.757787225,0.0,0.0,3.91477,0.0,2.07694180987,118.998,2023-07-06 01:13:42,True
HERTA,CQHO    ,9535151,PT,,CS,59307,255805590,1.28530669279,103.757787225,0.0,0.0,3.91477,0.0,2.07694180987,118.998,2023-07-06 01:13:53,True
HERTA,CQHO    ,9535151,PT,,CS,59307,255805590,1.28530669279,103.757787225,0.0,0.0,3.91477,0.0,2.07694180987,118.998,2023-07-06 01:14:02,True
HERTA,CQHO    ,9535151,PT,,CS,59307,255805590,1.28531502547,103.757787224,0.0,0.0,1.74707,0.0,2.07694180987,118.998,2023-07-06 01:14:12,True
HERTA,CQHO    ,9535151,PT,,CS,59307,255805590,1.28531502547,103.757787224,0.0,0.0,1.74707,0.0,2.07694180987,118.998,2023-07-06 01:14:22,True
HERTA,CQHO    ,9535151,PT,,CS,59307,255805590,1.28531502547,103.757787224,0.0,0.0,1.74707,0.0,2.07694180987,118.998,2023-07-06 01:14:32,True
HERTA,CQHO    ,9535151,PT,,CS,59307,255805590,1.28531502547,103.757787224,0.0,0.0,1.74707,0.0,2.07694180987,118.998,2023-07-06 01:14:42,True
HERTA,CQHO    ,9535151,PT,,CS,59307,255805590,1.28531502547,103.757787224,0.0,0.0,1.74707,0.0,2.07694180987,118.998,2023-07-06 01:14:53,True
HERTA,CQHO    ,9535151,PT,,CS,59307,255805590,1.28531502547,103.757787224,0.0,0.0,1.74707,0.0,2.07694180987,118.998,2023-07-06 01:15:02,True
HERTA,CQHO    ,9535151,PT,,CS,59307,255805590,1.28531502547,103.757787224,0.0,0.0,1.74707,0.0,2.07694180987,118.998,2023-07-06 01:15:12,True
HERTA,CQHO    ,9535151,PT,,CS,59307,255805590,1.28531502547,103.757787224,0.0,0.0,1.74707,0.0,2.07694180987,118.998,2023-07-06 01:15:22,True
HERTA,CQHO    ,9535151,PT,,CS,59307,255805590,1.28531502547,103.757787224,0.0,0.0,1.74707,0.0,2.07694180987,118.998,2023-07-06 01:15:32,True
HERTA,CQHO    ,9535151,PT,,CS,59307,255805590,1.28531502547,103.757787224,0.0,0.0,1.74707,0.0,2.07694180987,118.998,2023-07-06 01:15:42,True
HERTA,CQHO    ,9535151,PT,,CS,59307,255805590,1.28531502547,103.757787224,0.0,0.0,1.74707,0.0,2.07694180987,118.998,2023-07-06 01:15:53,True
HERTA,CQHO    ,9535151,PT,,CS,59307,255805590,1.28531502547,103.757787224,0.0,0.0,1.74707,0.0,2.07694180987,118.998,2023-07-06 01:16:02,True
HERTA,CQHO    ,9535151,PT,,CS,59307,255805590,1.28531502547,103.757787224,0.0,0.0,1.74707,0.0,2.07694180987,118.998,2023-07-06 01:16:12,True
HERTA,CQHO    ,9535151,PT,,CS,59307,255805590,1.28531502547,103.757787224,0.0,0.0,1.74707,0.0,2.07694180987,118.998,2023-07-06 01:16:22,True
HERTA,CQHO    ,9535151,PT,,CS,59307,255805590,1.28531502547,103.757787224,0.0,0.0,1.74707,0.0,2.07694180987,118.998,2023-07-06 01:16:32,True
HERTA,CQHO    ,9535151,PT,,CS,59307,255805590,1.28531502547,103.757787224,0.0,0.0,1.74707,0.0,2.07694180987,118.998,2023-07-06 01:16:42,True
HERTA,CQHO    ,9535151,PT,,CS,59307,255805590,1.28531502547,103.757787224,0.0,0.0,1.74707,0.0,2.07694180987,118.998,2023-07-06 01:16:53,True
HERTA,CQHO    ,9535151,PT,,CS,59307,255805590,1.28532169351,103.757790559,0.0,0.0,2.12581,0.0,2.07694180987,118.998,2023-07-06 01:17:02,True
HERTA,CQHO    ,9535151,PT,,CS,59307,255805590,1.28532169351,103.757790559,0.0,0.0,2.12581,0.0,2.07694180987,118.998,2023-07-06 01:17:12,True
HERTA,CQHO    ,9535151,PT,,CS,59307,255805590,1.28532169351,103.757790559,0.0,0.0,2.12581,0.0,2.07694180987,118.998,2023-07-06 01:17:22,True
HERTA,CQHO    ,9535151,PT,,CS,59307,255805590,1.28532169351,103.757790559,0.0,0.0,2.12581,0.0,2.07694180987,118.998,2023-07-06 01:17:32,True
HERTA,CQHO    ,9535151,PT,,CS,59307,255805590,1.28532169351,103.757790559,0.0,0.0,2.12581,0.0,2.07694180987,118.998,2023-07-06 01:17:42,True
HERTA,CQHO    ,9535151,PT,,CS,59307,255805590,1.28532169351,103.757790559,0.0,0.0,2.12581,0.0,2.07694180987,118.998,2023-07-06 01:17:53,True
HERTA,CQHO    ,9535151,PT,,CS,59307,255805590,1.28532169351,103.757790559,0.0,0.0,2.12581,0.0,2.07694180987,118.998,2023-07-06 01:18:02,True
HERTA,CQHO    ,9535151,PT,,CS,59307,255805590,1.28532169351,103.757790559,0.0,0.0,2.12581,0.0,2.07694180987,118.998,2023-07-06 01:18:12,True
HERTA,CQHO    ,9535151,PT,,CS,59307,255805590,1.28532169351,103.757790559,0.0,0.0,2.12581,0.0,2.07694180987,118.998,2023-07-06 01:18:22,True
HERTA,CQHO    ,9535151,PT,,CS,59307,255805590,1.28532169351,103.757790559,0.0,0.0,2.12581,0.0,2.07694180987,118.998,2023-07-06 01:18:32,True
HERTA,CQHO    ,9535151,PT,,CS,59307,255805590,1.28532169351,103.757790559,0.0,0.0,2.12581,0.0,2.07694180987,118.998,2023-07-06 01:18:42,True
HERTA,CQHO    ,9535151,PT,,CS,59307,255805590,1.28532169351,103.757790559,0.0,0.0,2.12581,0.0,2.07694180987,118.998,2023-07-06 01:18:53,True
HERTA,CQHO    ,9535151,PT,,CS,59307,255805590,1.28532169351,103.757790559,0.0,0.0,2.12581,0.0,2.07694180987,118.998,2023-07-06 01:19:02,True
HERTA,CQHO    ,9535151,PT,,CS,59307,255805590,1.28532169351,103.757790559,0.0,0.0,2.12581,0.0,2.07694180987,118.998,2023-07-06 01:19:12,True
HERTA,CQHO    ,9535151,PT,,CS,59307,255805590,1.28532169351,103.757790559,0.0,0.0,2.12581,0.0,2.07694180987,118.998,2023-07-06 01:19:22,True
HERTA,CQHO    ,9535151,PT,,CS,59307,255805590,1.28532169351,103.757790559,0.0,0.0,2.12581,0.0,2.07694180987,118.998,2023-07-06 01:19:32,True
HERTA,CQHO    ,9535151,PT,,CS,59307,255805590,1.28532169351,103.757790559,0.0,0.0,2.12581,0.0,2.07694180987,118.998,2023-07-06 01:19:42,True
HERTA,CQHO    ,9535151,PT,,CS,59307,255805590,1.28532169351,103.757790559,0.0,0.0,2.12581,0.0,2.07694180987,118.998,2023-07-06 01:19:53,True
HERTA,CQHO    ,9535151,PT,,CS,59307,255805590,1.28532335846,103.75779556,0.0,0.0,2.02458,0.0,2.07694180987,118.998,2023-07-06 01:20:02,True
HERTA,CQHO    ,9535151,PT,,CS,59307,255805590,1.28532335846,103.75779556,0.0,0.0,2.02458,0.0,2.07694180987,118.998,2023-07-06 01:20:12,True
HERTA,CQHO    ,9535151,PT,,CS,59307,255805590,1.28532335846,103.75779556,0.0,0.0,2.02458,0.0,2.07694180987,118.998,2023-07-06 01:20:22,True
HERTA,CQHO    ,9535151,PT,,CS,59307,255805590,1.28532335846,103.75779556,0.0,0.0,2.02458,0.0,2.07694180987,118.998,2023-07-06 01:20:32,True
HERTA,CQHO    ,9535151,PT,,CS,59307,255805590,1.28532335846,103.75779556,0.0,0.0,2.02458,0.0,2.07694180987,118.998,2023-07-06 01:20:42,True
HERTA,CQHO    ,9535151,PT,,CS,59307,255805590,1.28532335846,103.75779556,0.0,0.0,2.02458,0.0,2.07694180987,118.998,2023-07-06 01:20:53,True
HERTA,CQHO    ,9535151,PT,,CS,59307,255805590,1.28532335846,103.75779556,0.0,0.0,2.02458,0.0,2.07694180987,118.998,2023-07-06 01:21:02,True
HERTA,CQHO    ,9535151,PT,,CS,59307,255805590,1.28532335846,103.75779556,0.0,0.0,2.02458,0.0,2.07694180987,118.998,2023-07-06 01:21:12,True
HERTA,CQHO    ,9535151,PT,,CS,59307,255805590,1.28532335846,103.75779556,0.0,0.0,2.02458,0.0,2.07694180987,118.998,2023-07-06 01:21:22,True
HERTA,CQHO    ,9535151,PT,,CS,59307,255805590,1.28532335846,103.75779556,0.0,0.0,2.02458,0.0,2.07694180987,118.998,2023-07-06 01:21:32,True
HERTA,CQHO    ,9535151,PT,,CS,59307,255805590,1.28532335846,103.75779556,0.0,0.0,2.02458,0.0,2.07694180987,118.998,2023-07-06 01:21:42,True
HERTA,CQHO    ,9535151,PT,,CS,59307,255805590,1.28532335846,103.75779556,0.0,0.0,2.02458,0.0,2.07694180987,118.998,2023-07-06 01:21:53,True
HERTA,CQHO    ,9535151,PT,,CS,59307,255805590,1.28532335846,103.75779556,0.0,0.0,2.02458,0.0,2.07694180987,118.998,2023-07-06 01:22:02,True
HERTA,CQHO    ,9535151,PT,,CS,59307,255805590,1.28532335846,103.75779556,0.0,0.0,2.02458,0.0,2.07694180987,118.998,2023-07-06 01:22:12,True
HERTA,CQHO    ,9535151,PT,,CS,59307,255805590,1.28532335846,103.75779556,0.0,0.0,2.02458,0.0,2.07694180987,118.998,2023-07-06 01:22:22,True
HERTA,CQHO    ,9535151,PT,,CS,59307,255805590,1.28532335846,103.75779556,0.0,0.0,2.02458,0.0,2.07694180987,118.998,2023-07-06 01:22:32,True
HERTA,CQHO    ,9535151,PT,,CS,59307,255805590,1.28532335846,103.75779556,0.0,0.0,2.02458,0.0,2.07694180987,118.998,2023-07-06 01:22:42,True
HERTA,CQHO    ,9535151,PT,,CS,59307,255805590,1.28532335846,103.75779556,0.0,0.0,2.02458,0.0,2.07694180987,118.998,2023-07-06 01:22:53,True
HERTA,CQHO    ,9535151,PT,,CS,59307,255805590,1.28532502502,103.75778389,0.0,0.0,3.08225,0.0,2.07694180987,118.998,2023-07-06 01:23:02,True
HERTA,CQHO    ,9535151,PT,,CS,59307,255805590,1.28532502502,103.75778389,0.0,0.0,3.08225,0.0,2.07694180987,118.998,2023-07-06 01:23:12,True
HERTA,CQHO    ,9535151,PT,,CS,59307,255805590,1.28532502502,103.75778389,0.0,0.0,3.08225,0.0,2.07694180987,118.998,2023-07-06 01:23:22,True
HERTA,CQHO    ,9535151,PT,,CS,59307,255805590,1.28532502502,103.75778389,0.0,0.0,3.08225,0.0,2.07694180987,118.998,2023-07-06 01:23:32,True
HERTA,CQHO    ,9535151,PT,,CS,59307,255805590,1.28532502502,103.75778389,0.0,0.0,3.08225,0.0,2.07694180987,118.998,2023-07-06 01:23:42,True
HERTA,CQHO    ,9535151,PT,,CS,59307,255805590,1.28532502502,103.75778389,0.0,0.0,3.08225,0.0,2.07694180987,118.998,2023-07-06 01:23:53,True
HERTA,CQHO    ,9535151,PT,,CS,59307,255805590,1.28532502502,103.75778389,0.0,0.0,3.08225,0.0,2.07694180987,118.998,2023-07-06 01:24:02,True
HERTA,CQHO    ,9535151,PT,,CS,59307,255805590,1.28532502502,103.75778389,0.0,0.0,3.08225,0.0,2.07694180987,118.998,2023-07-06 01:24:12,True
HERTA,CQHO    ,9535151,PT,,CS,59307,255805590,1.28532502502,103.75778389,0.0,0.0,3.08225,0.0,2.07694180987,118.998,2023-07-06 01:24:22,True
HERTA,CQHO    ,9535151,PT,,CS,59307,255805590,1.28532502502,103.75778389,0.0,0.0,3.08225,0.0,2.07694180987,118.998,2023-07-06 01:24:32,True
HERTA,CQHO    ,9535151,PT,,CS,59307,255805590,1.28532502502,103.75778389,0.0,0.0,3.08225,0.0,2.07694180987,118.998,2023-07-06 01:24:42,True
HERTA,CQHO    ,9535151,PT,,CS,59307,255805590,1.28532502502,103.75778389,0.0,0.0,3.08225,0.0,2.07694180987,118.998,2023-07-06 01:24:53,True
HERTA,CQHO    ,9535151,PT,,CS,59307,255805590,1.28532502502,103.75778389,0.0,0.0,3.08225,0.0,2.07694180987,118.998,2023-07-06 01:25:02,True
HERTA,CQHO    ,9535151,PT,,CS,59307,255805590,1.28532502502,103.75778389,0.0,0.0,3.08225,0.0,2.07694180987,118.998,2023-07-06 01:25:12,True
HERTA,CQHO    ,9535151,PT,,CS,59307,255805590,1.28532502502,103.75778389,0.0,0.0,3.08225,0.0,2.07694180987,118.998,2023-07-06 01:25:22,True
HERTA,CQHO    ,9535151,PT,,CS,59307,255805590,1.28532502502,103.75778389,0.0,0.0,3.08225,0.0,2.07694180987,118.998,2023-07-06 01:25:32,True
HERTA,CQHO    ,9535151,PT,,CS,59307,255805590,1.28532502502,103.75778389,0.0,0.0,3.08225,0.0,2.07694180987,118.998,2023-07-06 01:25:42,True
HERTA,CQHO    ,9535151,PT,,CS,59307,255805590,1.28532502502,103.75778389,0.0,0.0,3.08225,0.0,2.07694180987,118.998,2023-07-06 01:25:53,True
HERTA,CQHO    ,9535151,PT,,CS,59307,255805590,1.28532169333,103.757785557,0.0,0.0,3.08225,0.0,2.07694180987,118.998,2023-07-06 01:26:02,True
HERTA,CQHO    ,9535151,PT,,CS,59307,255805590,1.28532169333,103.757785557,0.0,0.0,3.57443,0.0,2.07694180987,118.998,2023-07-06 01:26:12,True
HERTA,CQHO    ,9535151,PT,,CS,59307,255805590,1.28532169333,103.757785557,0.0,0.0,3.57443,0.0,2.07694180987,118.998,2023-07-06 01:26:22,True
HERTA,CQHO    ,9535151,PT,,CS,59307,255805590,1.28532169333,103.757785557,0.0,0.0,3.57443,0.0,2.07694180987,118.998,2023-07-06 01:26:32,True
HERTA,CQHO    ,9535151,PT,,CS,59307,255805590,1.28532169333,103.757785557,0.0,0.0,3.57443,0.0,2.07694180987,118.998,2023-07-06 01:26:42,True
HERTA,CQHO    ,9535151,PT,,CS,59307,255805590,1.28532169333,103.757785557,0.0,0.0,3.57443,0.0,2.07694180987,118.998,2023-07-06 01:26:53,True
HERTA,CQHO    ,9535151,PT,,CS,59307,255805590,1.28532169333,103.757785557,0.0,0.0,3.57443,0.0,2.07694180987,118.998,2023-07-06 01:27:02,True
HERTA,CQHO    ,9535151,PT,,CS,59307,255805590,1.28532169333,103.757785557,0.0,0.0,3.57443,0.0,2.07694180987,118.998,2023-07-06 01:27:12,True
HERTA,CQHO    ,9535151,PT,,CS,59307,255805590,1.28532169333,103.757785557,0.0,0.0,3.57443,0.0,2.07694180987,118.998,2023-07-06 01:27:22,True
HERTA,CQHO    ,9535151,PT,,CS,59307,255805590,1.28532169333,103.757785557,0.0,0.0,3.57443,0.0,2.07694180987,118.998,2023-07-06 01:27:32,True
HERTA,CQHO    ,9535151,PT,,CS,59307,255805590,1.28532169333,103.757785557,0.0,0.0,3.57443,0.0,2.07694180987,118.998,2023-07-06 01:27:42,True
HERTA,CQHO    ,9535151,PT,,CS,59307,255805590,1.28532169333,103.757785557,0.0,0.0,3.57443,0.0,2.07694180987,118.998,2023-07-06 01:27:53,True
HERTA,CQHO    ,9535151,PT,,CS,59307,255805590,1.28532169333,103.757785557,0.0,0.0,3.57443,0.0,2.07694180987,118.998,2023-07-06 01:28:02,True
HERTA,CQHO    ,9535151,PT,,CS,59307,255805590,1.28532169333,103.757785557,0.0,0.0,3.57443,0.0,2.07694180987,118.998,2023-07-06 01:28:12,True
HERTA,CQHO    ,9535151,PT,,CS,59307,255805590,1.28532169333,103.757785557,0.0,0.0,3.57443,0.0,2.07694180987,118.998,2023-07-06 01:28:22,True
HERTA,CQHO    ,9535151,PT,,CS,59307,255805590,1.28532169333,103.757785557,0.0,0.0,3.57443,0.0,2.07694180987,118.998,2023-07-06 01:28:32,True
HERTA,CQHO    ,9535151,PT,,CS,59307,255805590,1.28532169333,103.757785557,0.0,0.0,3.57443,0.0,2.07694180987,118.998,2023-07-06 01:28:42,True
HERTA,CQHO    ,9535151,PT,,CS,59307,255805590,1.28532169333,103.757785557,0.0,0.0,3.57443,0.0,2.07694180987,118.998,2023-07-06 01:28:53,True
HERTA,CQHO    ,9535151,PT,,CS,59307,255805590,1.28532169333,103.757785557,0.0,0.0,3.57443,0.0,2.07694180987,118.998,2023-07-06 01:29:02,True
HERTA,CQHO    ,9535151,PT,,CS,59307,255805590,1.28532502686,103.757773895,0.0,0.0,3.78911,0.0,2.07694180987,118.998,2023-07-06 01:29:12,True
HERTA,CQHO    ,9535151,PT,,CS,59307,255805590,1.28532502686,103.757773895,0.0,0.0,3.78911,0.0,2.07694180987,118.998,2023-07-06 01:29:22,True
HERTA,CQHO    ,9535151,PT,,CS,59307,255805590,1.28532502686,103.757773895,0.0,0.0,3.78911,0.0,2.07694180987,118.998,2023-07-06 01:29:32,True
HERTA,CQHO    ,9535151,PT,,CS,59307,255805590,1.28532502686,103.757773895,0.0,0.0,3.78911,0.0,2.07694180987,118.998,2023-07-06 01:29:42,True
HERTA,CQHO    ,9535151,PT,,CS,59307,255805590,1.28532502686,103.757773895,0.0,0.0,3.78911,0.0,2.07694180987,118.998,2023-07-06 01:29:53,True
HERTA,CQHO    ,9535151,PT,,CS,59307,255805590,1.28532502686,103.757773895,0.0,0.0,3.78911,0.0,2.07694180987,118.998,2023-07-06 01:30:02,True
HERTA,CQHO    ,9535151,PT,,CS,59307,255805590,1.28532502686,103.757773895,0.0,0.0,3.78911,0.0,2.07694180987,118.998,2023-07-06 01:30:12,True
HERTA,CQHO    ,9535151,PT,,CS,59307,255805590,1.28532502686,103.757773895,0.0,0.0,3.78911,0.0,2.07694180987,118.998,2023-07-06 01:30:22,True
HERTA,CQHO    ,9535151,PT,,CS,59307,255805590,1.28532502686,103.757773895,0.0,0.0,3.78911,0.0,2.07694180987,118.998,2023-07-06 01:30:32,True
HERTA,CQHO    ,9535151,PT,,CS,59307,255805590,1.28532502686,103.757773895,0.0,0.0,3.78911,0.0,2.07694180987,118.998,2023-07-06 01:30:42,True
HERTA,CQHO    ,9535151,PT,,CS,59307,255805590,1.28532502686,103.757773895,0.0,0.0,3.78911,0.0,2.07694180987,118.998,2023-07-06 01:30:53,True
HERTA,CQHO    ,9535151,PT,,CS,59307,255805590,1.28532502686,103.757773895,0.0,0.0,3.78911,0.0,2.07694180987,118.998,2023-07-06 01:31:02,True
HERTA,CQHO    ,9535151,PT,,CS,59307,255805590,1.28532502686,103.757773895,0.0,0.0,3.78911,0.0,2.07694180987,118.998,2023-07-06 01:31:12,True
HERTA,CQHO    ,9535151,PT,,CS,59307,255805590,1.28532502686,103.757773895,0.0,0.0,3.78911,0.0,2.07694180987,118.998,2023-07-06 01:31:22,True
HERTA,CQHO    ,9535151,PT,,CS,59307,255805590,1.28532502686,103.757773895,0.0,0.0,3.78911,0.0,2.07694180987,118.998,2023-07-06 01:31:32,True
HERTA,CQHO    ,9535151,PT,,CS,59307,255805590,1.28532502686,103.757773895,0.0,0.0,3.78911,0.0,2.07694180987,118.998,2023-07-06 01:31:42,True
HERTA,CQHO    ,9535151,PT,,CS,59307,255805590,1.28532502686,103.757773895,0.0,0.0,3.78911,0.0,2.07694180987,118.998,2023-07-06 01:31:53,True
HERTA,CQHO    ,9535151,PT,,CS,59307,255805590,1.28532502686,103.757773895,0.0,0.0,3.78911,0.0,2.07694180987,118.998,2023-07-06 01:32:02,True
HERTA,CQHO    ,9535151,PT,,CS,59307,255805590,1.28531835877,103.757768894,0.0,0.0,4.7822,0.0,2.07694180987,118.998,2023-07-06 01:32:12,True
HERTA,CQHO    ,9535151,PT,,CS,59307,255805590,1.28531835877,103.757768894,0.0,0.0,4.7822,0.0,2.07694180987,118.998,2023-07-06 01:32:22,True
HERTA,CQHO    ,9535151,PT,,CS,59307,255805590,1.28531835877,103.757768894,0.0,0.0,4.7822,0.0,2.07694180987,118.998,2023-07-06 01:32:32,True
HERTA,CQHO    ,9535151,PT,,CS,59307,255805590,1.28531835877,103.757768894,0.0,0.0,4.7822,0.0,2.07694180987,118.998,2023-07-06 01:32:42,True
HERTA,CQHO    ,9535151,PT,,CS,59307,255805590,1.28531835877,103.757768894,0.0,0.0,4.7822,0.0,2.07694180987,118.998,2023-07-06 01:32:53,True
HERTA,CQHO    ,9535151,PT,,CS,59307,255805590,1.28531835877,103.757768894,0.0,0.0,4.7822,0.0,2.07694180987,118.998,2023-07-06 01:33:02,True
HERTA,CQHO    ,9535151,PT,,CS,59307,255805590,1.28531835877,103.757768894,0.0,0.0,4.7822,0.0,2.07694180987,118.998,2023-07-06 01:33:12,True
HERTA,CQHO    ,9535151,PT,,CS,59307,255805590,1.28531835877,103.757768894,0.0,0.0,4.7822,0.0,2.07694180987,118.998,2023-07-06 01:33:22,True
HERTA,CQHO    ,9535151,PT,,CS,59307,255805590,1.28531835877,103.757768894,0.0,0.0,4.7822,0.0,2.07694180987,118.998,2023-07-06 01:33:32,True
HERTA,CQHO    ,9535151,PT,,CS,59307,255805590,1.28531835877,103.757768894,0.0,0.0,4.7822,0.0,2.07694180987,118.998,2023-07-06 01:33:42,True
HERTA,CQHO    ,9535151,PT,,CS,59307,255805590,1.28531835877,103.757768894,0.0,0.0,4.7822,0.0,2.07694180987,118.998,2023-07-06 01:33:53,True
HERTA,CQHO    ,9535151,PT,,CS,59307,255805590,1.28531835877,103.757768894,0.0,0.0,4.7822,0.0,2.07694180987,118.998,2023-07-06 01:34:02,True
HERTA,CQHO    ,9535151,PT,,CS,59307,255805590,1.28531835877,103.757768894,0.0,0.0,4.7822,0.0,2.07694180987,118.998,2023-07-06 01:34:12,True
HERTA,CQHO    ,9535151,PT,,CS,59307,255805590,1.28531835877,103.757768894,0.0,0.0,4.7822,0.0,2.07694180987,118.998,2023-07-06 01:34:22,True
HERTA,CQHO    ,9535151,PT,,CS,59307,255805590,1.28531835877,103.757768894,0.0,0.0,4.7822,0.0,2.07694180987,118.998,2023-07-06 01:34:32,True
HERTA,CQHO    ,9535151,PT,,CS,59307,255805590,1.28531835877,103.757768894,0.0,0.0,4.7822,0.0,2.07694180987,118.998,2023-07-06 01:34:42,True
HERTA,CQHO    ,9535151,PT,,CS,59307,255805590,1.28531835877,103.757768894,0.0,0.0,4.7822,0.0,2.07694180987,118.998,2023-07-06 01:34:53,True
HERTA,CQHO    ,9535151,PT,,CS,59307,255805590,1.28531835877,103.757768894,0.0,0.0,4.7822,0.0,2.07694180987,118.998,2023-07-06 01:35:02,True
HERTA,CQHO    ,9535151,PT,,CS,59307,255805590,1.28532669163,103.757773895,0.0,0.0,5.0056,0.0,2.07694180987,118.998,2023-07-06 01:35:12,True
HERTA,CQHO    ,9535151,PT,,CS,59307,255805590,1.28532669163,103.757773895,0.0,0.0,5.0056,0.0,2.07694180987,118.998,2023-07-06 01:35:22,True
HERTA,CQHO    ,9535151,PT,,CS,59307,255805590,1.28532669163,103.757773895,0.0,0.0,5.0056,0.0,2.07694180987,118.998,2023-07-06 01:35:32,True
HERTA,CQHO    ,9535151,PT,,CS,59307,255805590,1.28532669163,103.757773895,0.0,0.0,5.0056,0.0,2.07694180987,118.998,2023-07-06 01:35:42,True
HERTA,CQHO    ,9535151,PT,,CS,59307,255805590,1.28532669163,103.757773895,0.0,0.0,5.0056,0.0,2.07694180987,118.998,2023-07-06 01:35:53,True
HERTA,CQHO    ,9535151,PT,,CS,59307,255805590,1.28532669163,103.757773895,0.0,0.0,5.0056,0.0,2.07694180987,118.998,2023-07-06 01:36:02,True
HERTA,CQHO    ,9535151,PT,,CS,59307,255805590,1.28532669163,103.757773895,0.0,0.0,5.0056,0.0,2.07694180987,118.998,2023-07-06 01:36:12,True
HERTA,CQHO    ,9535151,PT,,CS,59307,255805590,1.28532669163,103.757773895,0.0,0.0,5.0056,0.0,2.07694180987,118.998,2023-07-06 01:36:22,True
HERTA,CQHO    ,9535151,PT,,CS,59307,255805590,1.28532669163,103.757773895,0.0,0.0,5.0056,0.0,2.07694180987,118.998,2023-07-06 01:36:32,True
HERTA,CQHO    ,9535151,PT,,CS,59307,255805590,1.28532669163,103.757773895,0.0,0.0,5.0056,0.0,2.07694180987,118.998,2023-07-06 01:36:42,True
HERTA,CQHO    ,9535151,PT,,CS,59307,255805590,1.28532669163,103.757773895,0.0,0.0,5.0056,0.0,2.07694180987,118.998,2023-07-06 01:36:53,True
HERTA,CQHO    ,9535151,PT,,CS,59307,255805590,1.28532669163,103.757773895,0.0,0.0,5.0056,0.0,2.07694180987,118.998,2023-07-06 01:37:02,True
HERTA,CQHO    ,9535151,PT,,CS,59307,255805590,1.28532669163,103.757773895,0.0,0.0,5.0056,0.0,2.07694180987,118.998,2023-07-06 01:37:12,True
HERTA,CQHO    ,9535151,PT,,CS,59307,255805590,1.28532669163,103.757773895,0.0,0.0,5.0056,0.0,2.07694180987,118.998,2023-07-06 01:37:22,True
HERTA,CQHO    ,9535151,PT,,CS,59307,255805590,1.28532669163,103.757773895,0.0,0.0,5.0056,0.0,2.07694180987,118.998,2023-07-06 01:37:32,True
HERTA,CQHO    ,9535151,PT,,CS,59307,255805590,1.28532669163,103.757773895,0.0,0.0,5.0056,0.0,2.07694180987,118.998,2023-07-06 01:37:42,True
HERTA,CQHO    ,9535151,PT,,CS,59307,255805590,1.28532669163,103.757773895,0.0,0.0,5.0056,0.0,2.07694180987,118.998,2023-07-06 01:37:53,True
HERTA,CQHO    ,9535151,PT,,CS,59307,255805590,1.28532669163,103.757773895,0.0,0.0,5.0056,0.0,2.07694180987,118.998,2023-07-06 01:38:02,True
HERTA,CQHO    ,9535151,PT,,CS,59307,255805590,1.28533169275,103.757778897,0.0,0.0,4.4279,0.0,2.07694180987,118.998,2023-07-06 01:38:12,True
HERTA,CQHO    ,9535151,PT,,CS,59307,255805590,1.28533169275,103.757778897,0.0,0.0,4.4279,0.0,2.07694180987,118.998,2023-07-06 01:38:22,True
HERTA,CQHO    ,9535151,PT,,CS,59307,255805590,1.28533169275,103.757778897,0.0,0.0,4.4279,0.0,2.07694180987,118.998,2023-07-06 01:38:32,True
HERTA,CQHO    ,9535151,PT,,CS,59307,255805590,1.28533169275,103.757778897,0.0,0.0,4.4279,0.0,2.07694180987,118.998,2023-07-06 01:38:42,True
HERTA,CQHO    ,9535151,PT,,CS,59307,255805590,1.28533169275,103.757778897,0.0,0.0,4.4279,0.0,2.07694180987,118.998,2023-07-06 01:38:53,True
HERTA,CQHO    ,9535151,PT,,CS,59307,255805590,1.28533169275,103.757778897,0.0,0.0,4.4279,0.0,2.07694180987,118.998,2023-07-06 01:39:02,True
HERTA,CQHO    ,9535151,PT,,CS,59307,255805590,1.28533169275,103.757778897,0.0,0.0,4.4279,0.0,2.07694180987,118.998,2023-07-06 01:39:12,True
HERTA,CQHO    ,9535151,PT,,CS,59307,255805590,1.28533169275,103.757778897,0.0,0.0,4.4279,0.0,2.07694180987,118.998,2023-07-06 01:39:22,True
HERTA,CQHO    ,9535151,PT,,CS,59307,255805590,1.28533169275,103.757778897,0.0,0.0,4.4279,0.0,2.07694180987,118.998,2023-07-06 01:39:32,True
HERTA,CQHO    ,9535151,PT,,CS,59307,255805590,1.28533169275,103.757778897,0.0,0.0,4.4279,0.0,2.07694180987,118.998,2023-07-06 01:39:42,True
HERTA,CQHO    ,9535151,PT,,CS,59307,255805590,1.28533169275,103.757778897,0.0,0.0,4.4279,0.0,2.07694180987,118.998,2023-07-06 01:39:53,True
HERTA,CQHO    ,9535151,PT,,CS,59307,255805590,1.28533169275,103.757778897,0.0,0.0,4.4279,0.0,2.07694180987,118.998,2023-07-06 01:40:02,True
HERTA,CQHO    ,9535151,PT,,CS,59307,255805590,1.28533169275,103.757778897,0.0,0.0,4.4279,0.0,2.07694180987,118.998,2023-07-06 01:40:12,True
HERTA,CQHO    ,9535151,PT,,CS,59307,255805590,1.28533169275,103.757778897,0.0,0.0,4.4279,0.0,2.07694180987,118.998,2023-07-06 01:40:22,True
HERTA,CQHO    ,9535151,PT,,CS,59307,255805590,1.28533169275,103.757778897,0.0,0.0,4.4279,0.0,2.07694180987,118.998,2023-07-06 01:40:32,True
HERTA,CQHO    ,9535151,PT,,CS,59307,255805590,1.28533169275,103.757778897,0.0,0.0,4.4279,0.0,2.07694180987,118.998,2023-07-06 01:40:42,True
HERTA,CQHO    ,9535151,PT,,CS,59307,255805590,1.28533169275,103.757778897,0.0,0.0,4.4279,0.0,2.07694180987,118.998,2023-07-06 01:40:53,True
HERTA,CQHO    ,9535151,PT,,CS,59307,255805590,1.2853216926,103.757765559,0.0,0.0,4.4279,0.0,2.07694180987,118.998,2023-07-06 01:41:02,True
HERTA,CQHO    ,9535151,PT,,CS,59307,255805590,1.2853216926,103.757765559,0.0,0.0,5.31453,0.0,2.07694180987,118.998,2023-07-06 01:41:12,True
HERTA,CQHO    ,9535151,PT,,CS,59307,255805590,1.2853216926,103.757765559,0.0,0.0,5.31453,0.0,2.07694180987,118.998,2023-07-06 01:41:22,True
HERTA,CQHO    ,9535151,PT,,CS,59307,255805590,1.2853216926,103.757765559,0.0,0.0,5.31453,0.0,2.07694180987,118.998,2023-07-06 01:41:32,True
HERTA,CQHO    ,9535151,PT,,CS,59307,255805590,1.2853216926,103.757765559,0.0,0.0,5.31453,0.0,2.07694180987,118.998,2023-07-06 01:41:42,True
HERTA,CQHO    ,9535151,PT,,CS,59307,255805590,1.2853216926,103.757765559,0.0,0.0,5.31453,0.0,2.07694180987,118.998,2023-07-06 01:41:53,True
HERTA,CQHO    ,9535151,PT,,CS,59307,255805590,1.2853216926,103.757765559,0.0,0.0,5.31453,0.0,2.07694180987,118.998,2023-07-06 01:42:02,True
HERTA,CQHO    ,9535151,PT,,CS,59307,255805590,1.2853216926,103.757765559,0.0,0.0,5.31453,0.0,2.07694180987,118.998,2023-07-06 01:42:12,True
HERTA,CQHO    ,9535151,PT,,CS,59307,255805590,1.2853216926,103.757765559,0.0,0.0,5.31453,0.0,2.07694180987,118.998,2023-07-06 01:42:22,True
HERTA,CQHO    ,9535151,PT,,CS,59307,255805590,1.2853216926,103.757765559,0.0,0.0,5.31453,0.0,2.07694180987,118.998,2023-07-06 01:42:32,True
HERTA,CQHO    ,9535151,PT,,CS,59307,255805590,1.2853216926,103.757765559,0.0,0.0,5.31453,0.0,2.07694180987,118.998,2023-07-06 01:42:42,True
HERTA,CQHO    ,9535151,PT,,CS,59307,255805590,1.2853216926,103.757765559,0.0,0.0,5.31453,0.0,2.07694180987,118.998,2023-07-06 01:42:53,True
HERTA,CQHO    ,9535151,PT,,CS,59307,255805590,1.2853216926,103.757765559,0.0,0.0,5.31453,0.0,2.07694180987,118.998,2023-07-06 01:43:02,True
HERTA,CQHO    ,9535151,PT,,CS,59307,255805590,1.2853216926,103.757765559,0.0,0.0,5.31453,0.0,2.07694180987,118.998,2023-07-06 01:43:12,True
HERTA,CQHO    ,9535151,PT,,CS,59307,255805590,1.2853216926,103.757765559,0.0,0.0,5.31453,0.0,2.07694180987,118.998,2023-07-06 01:43:22,True
HERTA,CQHO    ,9535151,PT,,CS,59307,255805590,1.2853216926,103.757765559,0.0,0.0,5.31453,0.0,2.07694180987,118.998,2023-07-06 01:43:32,True
HERTA,CQHO    ,9535151,PT,,CS,59307,255805590,1.2853216926,103.757765559,0.0,0.0,5.31453,0.0,2.07694180987,118.998,2023-07-06 01:43:42,True
HERTA,CQHO    ,9535151,PT,,CS,59307,255805590,1.2853216926,103.757765559,0.0,0.0,5.31453,0.0,2.07694180987,118.998,2023-07-06 01:43:53,True
HERTA,CQHO    ,9535151,PT,,CS,59307,255805590,1.2853216926,103.757765559,0.0,0.0,5.31453,0.0,2.07694180987,118.998,2023-07-06 01:44:02,True
HERTA,CQHO    ,9535151,PT,,CS,59307,255805590,1.2853200255,103.757762225,0.0,0.0,5.31453,0.0,2.07694180987,118.998,2023-07-06 01:44:12,True
HERTA,CQHO    ,9535151,PT,,CS,59307,255805590,1.2853200255,103.757762225,0.0,0.0,6.08771,0.0,2.07694180987,118.998,2023-07-06 01:44:22,True
HERTA,CQHO    ,9535151,PT,,CS,59307,255805590,1.2853200255,103.757762225,0.0,0.0,6.08771,0.0,2.07694180987,118.998,2023-07-06 01:44:32,True
HERTA,CQHO    ,9535151,PT,,CS,59307,255805590,1.2853200255,103.757762225,0.0,0.0,6.08771,0.0,2.07694180987,118.998,2023-07-06 01:44:42,True
HERTA,CQHO    ,9535151,PT,,CS,59307,255805590,1.2853200255,103.757762225,0.0,0.0,6.08771,0.0,2.07694180987,118.998,2023-07-06 01:44:53,True
HERTA,CQHO    ,9535151,PT,,CS,59307,255805590,1.2853200255,103.757762225,0.0,0.0,6.08771,0.0,2.07694180987,118.998,2023-07-06 01:45:02,True
HERTA,CQHO    ,9535151,PT,,CS,59307,255805590,1.2853200255,103.757762225,0.0,0.0,6.08771,0.0,2.07694180987,118.998,2023-07-06 01:45:12,True
HERTA,CQHO    ,9535151,PT,,CS,59307,255805590,1.2853200255,103.757762225,0.0,0.0,6.08771,0.0,2.07694180987,118.998,2023-07-06 01:45:22,True
HERTA,CQHO    ,9535151,PT,,CS,59307,255805590,1.2853200255,103.757762225,0.0,0.0,6.08771,0.0,2.07694180987,118.998,2023-07-06 01:45:32,True
HERTA,CQHO    ,9535151,PT,,CS,59307,255805590,1.2853200255,103.757762225,0.0,0.0,6.08771,0.0,2.07694180987,118.998,2023-07-06 01:45:42,True
HERTA,CQHO    ,9535151,PT,,CS,59307,255805590,1.2853200255,103.757762225,0.0,0.0,6.08771,0.0,2.07694180987,118.998,2023-07-06 01:45:53,True
HERTA,CQHO    ,9535151,PT,,CS,59307,255805590,1.2853200255,103.757762225,0.0,0.0,6.08771,0.0,2.07694180987,118.998,2023-07-06 01:46:02,True
HERTA,CQHO    ,9535151,PT,,CS,59307,255805590,1.2853200255,103.757762225,0.0,0.0,6.08771,0.0,2.07694180987,118.998,2023-07-06 01:46:12,True
HERTA,CQHO    ,9535151,PT,,CS,59307,255805590,1.2853200255,103.757762225,0.0,0.0,6.08771,0.0,2.07694180987,118.998,2023-07-06 01:46:22,True
HERTA,CQHO    ,9535151,PT,,CS,59307,255805590,1.2853200255,103.757762225,0.0,0.0,6.08771,0.0,2.07694180987,118.998,2023-07-06 01:46:32,True
HERTA,CQHO    ,9535151,PT,,CS,59307,255805590,1.2853200255,103.757762225,0.0,0.0,6.08771,0.0,2.07694180987,118.998,2023-07-06 01:46:42,True
HERTA,CQHO    ,9535151,PT,,CS,59307,255805590,1.2853200255,103.757762225,0.0,0.0,6.08771,0.0,2.07694180987,118.998,2023-07-06 01:46:53,True
HERTA,CQHO    ,9535151,PT,,CS,59307,255805590,1.28532336001,103.75777723,0.0,0.0,5.71944,0.0,2.07694180987,118.998,2023-07-06 01:47:02,True
HERTA,CQHO    ,9535151,PT,,CS,59307,255805590,1.28532336001,103.75777723,0.0,0.0,5.71944,0.0,2.07694180987,118.998,2023-07-06 01:47:12,True
HERTA,CQHO    ,9535151,PT,,CS,59307,255805590,1.28532336001,103.75777723,0.0,0.0,5.71944,0.0,2.07694180987,118.998,2023-07-06 01:47:22,True
HERTA,CQHO    ,9535151,PT,,CS,59307,255805590,1.28532336001,103.75777723,0.0,0.0,5.71944,0.0,2.07694180987,118.998,2023-07-06 01:47:32,True
HERTA,CQHO    ,9535151,PT,,CS,59307,255805590,1.28532336001,103.75777723,0.0,0.0,5.71944,0.0,2.07694180987,118.998,2023-07-06 01:47:42,True
HERTA,CQHO    ,9535151,PT,,CS,59307,255805590,1.28532336001,103.75777723,0.0,0.0,5.71944,0.0,2.07694180987,118.998,2023-07-06 01:47:53,True
HERTA,CQHO    ,9535151,PT,,CS,59307,255805590,1.28532336001,103.75777723,0.0,0.0,5.71944,0.0,2.07694180987,118.998,2023-07-06 01:48:02,True
HERTA,CQHO    ,9535151,PT,,CS,59307,255805590,1.28532336001,103.75777723,0.0,0.0,5.71944,0.0,2.07694180987,118.998,2023-07-06 01:48:12,True
HERTA,CQHO    ,9535151,PT,,CS,59307,255805590,1.28532336001,103.75777723,0.0,0.0,5.71944,0.0,2.07694180987,118.998,2023-07-06 01:48:22,True
HERTA,CQHO    ,9535151,PT,,CS,59307,255805590,1.28532336001,103.75777723,0.0,0.0,5.71944,0.0,2.07694180987,118.998,2023-07-06 01:48:32,True
HERTA,CQHO    ,9535151,PT,,CS,59307,255805590,1.28532336001,103.75777723,0.0,0.0,5.71944,0.0,2.07694180987,118.998,2023-07-06 01:48:42,True
HERTA,CQHO    ,9535151,PT,,CS,59307,255805590,1.28532336001,103.75777723,0.0,0.0,5.71944,0.0,2.07694180987,118.998,2023-07-06 01:48:53,True
HERTA,CQHO    ,9535151,PT,,CS,59307,255805590,1.28532336001,103.75777723,0.0,0.0,5.71944,0.0,2.07694180987,118.998,2023-07-06 01:49:02,True
HERTA,CQHO    ,9535151,PT,,CS,59307,255805590,1.28532336001,103.75777723,0.0,0.0,5.71944,0.0,2.07694180987,118.998,2023-07-06 01:49:12,True
HERTA,CQHO    ,9535151,PT,,CS,59307,255805590,1.28532336001,103.75777723,0.0,0.0,5.71944,0.0,2.07694180987,118.998,2023-07-06 01:49:22,True
HERTA,CQHO    ,9535151,PT,,CS,59307,255805590,1.28532336001,103.75777723,0.0,0.0,5.71944,0.0,2.07694180987,118.998,2023-07-06 01:49:32,True
HERTA,CQHO    ,9535151,PT,,CS,59307,255805590,1.28532336001,103.75777723,0.0,0.0,5.71944,0.0,2.07694180987,118.998,2023-07-06 01:49:42,True
HERTA,CQHO    ,9535151,PT,,CS,59307,255805590,1.28532336001,103.75777723,0.0,0.0,5.71944,0.0,2.07694180987,118.998,2023-07-06 01:49:53,True
HERTA,CQHO    ,9535151,PT,,CS,59307,255805590,1.28532002629,103.75778389,0.0,0.0,5.71944,0.0,2.07694180987,118.998,2023-07-06 01:50:02,True
HERTA,CQHO    ,9535151,PT,,CS,59307,255805590,1.28532002629,103.75778389,0.0,0.0,5.09811,0.0,2.07694180987,118.998,2023-07-06 01:50:12,True
HERTA,CQHO    ,9535151,PT,,CS,59307,255805590,1.28532002629,103.75778389,0.0,0.0,5.09811,0.0,2.07694180987,118.998,2023-07-06 01:50:22,True
HERTA,CQHO    ,9535151,PT,,CS,59307,255805590,1.28532002629,103.75778389,0.0,0.0,5.09811,0.0,2.07694180987,118.998,2023-07-06 01:50:32,True
HERTA,CQHO    ,9535151,PT,,CS,59307,255805590,1.28532002629,103.75778389,0.0,0.0,5.09811,0.0,2.07694180987,118.998,2023-07-06 01:50:42,True
HERTA,CQHO    ,9535151,PT,,CS,59307,255805590,1.28532002629,103.75778389,0.0,0.0,5.09811,0.0,2.07694180987,118.998,2023-07-06 01:50:53,True
HERTA,CQHO    ,9535151,PT,,CS,59307,255805590,1.28532002629,103.75778389,0.0,0.0,5.09811,0.0,2.07694180987,118.998,2023-07-06 01:51:02,True
HERTA,CQHO    ,9535151,PT,,CS,59307,255805590,1.28532002629,103.75778389,0.0,0.0,5.09811,0.0,2.07694180987,118.998,2023-07-06 01:51:12,True
HERTA,CQHO    ,9535151,PT,,CS,59307,255805590,1.28532002629,103.75778389,0.0,0.0,5.09811,0.0,2.07694180987,118.998,2023-07-06 01:51:22,True
HERTA,CQHO    ,9535151,PT,,CS,59307,255805590,1.28532002629,103.75778389,0.0,0.0,5.09811,0.0,2.07694180987,118.998,2023-07-06 01:51:32,True
HERTA,CQHO    ,9535151,PT,,CS,59307,255805590,1.28532002629,103.75778389,0.0,0.0,5.09811,0.0,2.07694180987,118.998,2023-07-06 01:51:42,True
HERTA,CQHO    ,9535151,PT,,CS,59307,255805590,1.28532002629,103.75778389,0.0,0.0,5.09811,0.0,2.07694180987,118.998,2023-07-06 01:51:53,True
HERTA,CQHO    ,9535151,PT,,CS,59307,255805590,1.28532002629,103.75778389,0.0,0.0,5.09811,0.0,2.07694180987,118.998,2023-07-06 01:52:02,True
HERTA,CQHO    ,9535151,PT,,CS,59307,255805590,1.28532002629,103.75778389,0.0,0.0,5.09811,0.0,2.07694180987,118.998,2023-07-06 01:52:12,True
HERTA,CQHO    ,9535151,PT,,CS,59307,255805590,1.28532002629,103.75778389,0.0,0.0,5.09811,0.0,2.07694180987,118.998,2023-07-06 01:52:22,True
HERTA,CQHO    ,9535151,PT,,CS,59307,255805590,1.28532002629,103.75778389,0.0,0.0,5.09811,0.0,2.07694180987,118.998,2023-07-06 01:52:32,True
HERTA,CQHO    ,9535151,PT,,CS,59307,255805590,1.28532002629,103.75778389,0.0,0.0,5.09811,0.0,2.07694180987,118.998,2023-07-06 01:52:42,True
HERTA,CQHO    ,9535151,PT,,CS,59307,255805590,1.28532002629,103.75778389,0.0,0.0,5.09811,0.0,2.07694180987,118.998,2023-07-06 01:52:53,True
HERTA,CQHO    ,9535151,PT,,CS,59307,255805590,1.28531335849,103.757787225,0.0,0.0,5.09811,0.0,2.07694180987,118.998,2023-07-06 01:53:02,True
HERTA,CQHO    ,9535151,PT,,CS,59307,255805590,1.28531335849,103.757787225,0.0,0.0,6.24828,0.0,2.07694180987,118.998,2023-07-06 01:53:12,True
HERTA,CQHO    ,9535151,PT,,CS,59307,255805590,1.28531335849,103.757787225,0.0,0.0,6.24828,0.0,2.07694180987,118.998,2023-07-06 01:53:22,True
HERTA,CQHO    ,9535151,PT,,CS,59307,255805590,1.28531335849,103.757787225,0.0,0.0,6.24828,0.0,2.07694180987,118.998,2023-07-06 01:53:32,True
HERTA,CQHO    ,9535151,PT,,CS,59307,255805590,1.28531335849,103.757787225,0.0,0.0,6.24828,0.0,2.07694180987,118.998,2023-07-06 01:53:42,True
HERTA,CQHO    ,9535151,PT,,CS,59307,255805590,1.28531335849,103.757787225,0.0,0.0,6.24828,0.0,2.07694180987,118.998,2023-07-06 01:53:53,True
HERTA,CQHO    ,9535151,PT,,CS,59307,255805590,1.28531335849,103.757787225,0.0,0.0,6.24828,0.0,2.07694180987,118.998,2023-07-06 01:54:02,True
HERTA,CQHO    ,9535151,PT,,CS,59307,255805590,1.28531335849,103.757787225,0.0,0.0,6.24828,0.0,2.07694180987,118.998,2023-07-06 01:54:12,True
HERTA,CQHO    ,9535151,PT,,CS,59307,255805590,1.28531335849,103.757787225,0.0,0.0,6.24828,0.0,2.07694180987,118.998,2023-07-06 01:54:22,True
HERTA,CQHO    ,9535151,PT,,CS,59307,255805590,1.28531335849,103.757787225,0.0,0.0,6.24828,0.0,2.07694180987,118.998,2023-07-06 01:54:32,True
HERTA,CQHO    ,9535151,PT,,CS,59307,255805590,1.28531335849,103.757787225,0.0,0.0,6.24828,0.0,2.07694180987,118.998,2023-07-06 01:54:42,True
HERTA,CQHO    ,9535151,PT,,CS,59307,255805590,1.28531335849,103.757787225,0.0,0.0,6.24828,0.0,2.07694180987,118.998,2023-07-06 01:54:53,True
HERTA,CQHO    ,9535151,PT,,CS,59307,255805590,1.28531335849,103.757787225,0.0,0.0,6.24828,0.0,2.07694180987,118.998,2023-07-06 01:55:02,True
HERTA,CQHO    ,9535151,PT,,CS,59307,255805590,1.28531335849,103.757787225,0.0,0.0,6.24828,0.0,2.07694180987,118.998,2023-07-06 01:55:12,True
HERTA,CQHO    ,9535151,PT,,CS,59307,255805590,1.28531335849,103.757787225,0.0,0.0,6.24828,0.0,2.07694180987,118.998,2023-07-06 01:55:22,True
HERTA,CQHO    ,9535151,PT,,CS,59307,255805590,1.28531335849,103.757787225,0.0,0.0,6.24828,0.0,2.07694180987,118.998,2023-07-06 01:55:32,True
HERTA,CQHO    ,9535151,PT,,CS,59307,255805590,1.28531335849,103.757787225,0.0,0.0,6.24828,0.0,2.07694180987,118.998,2023-07-06 01:55:42,True
HERTA,CQHO    ,9535151,PT,,CS,59307,255805590,1.28531335849,103.757787225,0.0,0.0,6.24828,0.0,2.07694180987,118.998,2023-07-06 01:55:53,True
HERTA,CQHO    ,9535151,PT,,CS,59307,255805590,1.28531335849,103.757787225,0.0,0.0,6.24828,0.0,2.07694180987,118.998,2023-07-06 01:56:02,True
HERTA,CQHO    ,9535151,PT,,CS,59307,255805590,1.28531502523,103.757780556,0.0,0.0,4.84154,0.0,2.07694180987,118.998,2023-07-06 01:56:12,True
HERTA,CQHO    ,9535151,PT,,CS,59307,255805590,1.28531502523,103.757780556,0.0,0.0,4.84154,0.0,2.07694180987,118.998,2023-07-06 01:56:22,True
HERTA,CQHO    ,9535151,PT,,CS,59307,255805590,1.28531502523,103.757780556,0.0,0.0,4.84154,0.0,2.07694180987,118.998,2023-07-06 01:56:32,True
HERTA,CQHO    ,9535151,PT,,CS,59307,255805590,1.28531502523,103.757780556,0.0,0.0,4.84154,0.0,2.07694180987,118.998,2023-07-06 01:56:42,True
HERTA,CQHO    ,9535151,PT,,CS,59307,255805590,1.28531502523,103.757780556,0.0,0.0,4.84154,0.0,2.07694180987,118.998,2023-07-06 01:56:53,True
HERTA,CQHO    ,9535151,PT,,CS,59307,255805590,1.28531502523,103.757780556,0.0,0.0,4.84154,0.0,2.07694180987,118.998,2023-07-06 01:57:02,True
HERTA,CQHO    ,9535151,PT,,CS,59307,255805590,1.28531502523,103.757780556,0.0,0.0,4.84154,0.0,2.07694180987,118.998,2023-07-06 01:57:12,True
HERTA,CQHO    ,9535151,PT,,CS,59307,255805590,1.28531502523,103.757780556,0.0,0.0,4.84154,0.0,2.07694180987,118.998,2023-07-06 01:57:22,True
HERTA,CQHO    ,9535151,PT,,CS,59307,255805590,1.28531502523,103.757780556,0.0,0.0,4.84154,0.0,2.07694180987,118.998,2023-07-06 01:57:32,True
HERTA,CQHO    ,9535151,PT,,CS,59307,255805590,1.28531502523,103.757780556,0.0,0.0,4.84154,0.0,2.07694180987,118.998,2023-07-06 01:57:42,True
HERTA,CQHO    ,9535151,PT,,CS,59307,255805590,1.28531502523,103.757780556,0.0,0.0,4.84154,0.0,2.07694180987,118.998,2023-07-06 01:57:53,True
HERTA,CQHO    ,9535151,PT,,CS,59307,255805590,1.28531502523,103.757780556,0.0,0.0,4.84154,0.0,2.07694180987,118.998,2023-07-06 01:58:02,True
HERTA,CQHO    ,9535151,PT,,CS,59307,255805590,1.28531502523,103.757780556,0.0,0.0,4.84154,0.0,2.07694180987,118.998,2023-07-06 01:58:12,True
HERTA,CQHO    ,9535151,PT,,CS,59307,255805590,1.28531502523,103.757780556,0.0,0.0,4.84154,0.0,2.07694180987,118.998,2023-07-06 01:58:22,True
HERTA,CQHO    ,9535151,PT,,CS,59307,255805590,1.28531502523,103.757780556,0.0,0.0,4.84154,0.0,2.07694180987,118.998,2023-07-06 01:58:32,True
HERTA,CQHO    ,9535151,PT,,CS,59307,255805590,1.28531502523,103.757780556,0.0,0.0,4.84154,0.0,2.07694180987,118.998,2023-07-06 01:58:42,True
HERTA,CQHO    ,9535151,PT,,CS,59307,255805590,1.28531502523,103.757780556,0.0,0.0,4.84154,0.0,2.07694180987,118.998,2023-07-06 01:58:53,True
HERTA,CQHO    ,9535151,PT,,CS,59307,255805590,1.28531502523,103.757780556,0.0,0.0,4.84154,0.0,2.07694180987,118.998,2023-07-06 01:59:02,True
HERTA,CQHO    ,9535151,PT,,CS,59307,255805590,1.2853216923,103.757757223,0.0,0.0,4.87994,0.0,2.07694180987,118.998,2023-07-06 01:59:12,True
HERTA,CQHO    ,9535151,PT,,CS,59307,255805590,1.2853216923,103.757757223,0.0,0.0,4.87994,0.0,2.07694180987,118.998,2023-07-06 01:59:22,True
HERTA,CQHO    ,9535151,PT,,CS,59307,255805590,1.2853216923,103.757757223,0.0,0.0,4.87994,0.0,2.07694180987,118.998,2023-07-06 01:59:32,True
HERTA,CQHO    ,9535151,PT,,CS,59307,255805590,1.2853216923,103.757757223,0.0,0.0,4.87994,0.0,2.07694180987,118.998,2023-07-06 01:59:42,True
HERTA,CQHO    ,9535151,PT,,CS,59307,255805590,1.2853216923,103.757757223,0.0,0.0,4.87994,0.0,2.07694180987,118.998,2023-07-06 01:59:53,True
HERTA,CQHO    ,9535151,PT,,CS,59307,255805590,1.2853216923,103.757757223,0.0,0.0,4.87994,0.0,2.07694180987,118.998,2023-07-06 02:00:02,True
HERTA,CQHO    ,9535151,PT,,CS,59307,255805590,1.2853216923,103.757757223,0.0,0.0,4.87994,0.0,2.07694180987,118.998,2023-07-06 02:00:12,True
HERTA,CQHO    ,9535151,PT,,CS,59307,255805590,1.2853216923,103.757757223,0.0,0.0,4.87994,0.0,2.07694180987,118.998,2023-07-06 02:00:22,True
HERTA,CQHO    ,9535151,PT,,CS,59307,255805590,1.2853216923,103.757757223,0.0,0.0,4.87994,0.0,2.07694180987,118.998,2023-07-06 02:00:32,True
HERTA,CQHO    ,9535151,PT,,CS,59307,255805590,1.2853216923,103.757757223,0.0,0.0,4.87994,0.0,2.07694180987,118.998,2023-07-06 02:00:42,True
HERTA,CQHO    ,9535151,PT,,CS,59307,255805590,1.2853216923,103.757757223,0.0,0.0,4.87994,0.0,2.07694180987,118.998,2023-07-06 02:00:53,True
HERTA,CQHO    ,9535151,PT,,CS,59307,255805590,1.2853216923,103.757757223,0.0,0.0,4.87994,0.0,2.07694180987,118.998,2023-07-06 02:01:02,True
HERTA,CQHO    ,9535151,PT,,CS,59307,255805590,1.2853216923,103.757757223,0.0,0.0,4.87994,0.0,2.07694180987,118.998,2023-07-06 02:01:12,True
HERTA,CQHO    ,9535151,PT,,CS,59307,255805590,1.2853216923,103.757757223,0.0,0.0,4.87994,0.0,2.07694180987,118.998,2023-07-06 02:01:22,True
HERTA,CQHO    ,9535151,PT,,CS,59307,255805590,1.2853216923,103.757757223,0.0,0.0,4.87994,0.0,2.07694180987,118.998,2023-07-06 02:01:32,True
HERTA,CQHO    ,9535151,PT,,CS,59307,255805590,1.2853216923,103.757757223,0.0,0.0,4.87994,0.0,2.07694180987,118.998,2023-07-06 02:01:42,True
HERTA,CQHO    ,9535151,PT,,CS,59307,255805590,1.2853216923,103.757757223,0.0,0.0,4.87994,0.0,2.07694180987,118.998,2023-07-06 02:01:53,True
HERTA,CQHO    ,9535151,PT,,CS,59307,255805590,1.28533336012,103.757728889,0.0,0.0,5.71072,0.0,2.07694180987,118.998,2023-07-06 02:02:02,True
HERTA,CQHO    ,9535151,PT,,CS,59307,255805590,1.28533336012,103.757728889,0.0,0.0,5.71072,0.0,2.07694180987,118.998,2023-07-06 02:02:12,True
HERTA,CQHO    ,9535151,PT,,CS,59307,255805590,1.28533336012,103.757728889,0.0,0.0,5.71072,0.0,2.07694180987,118.998,2023-07-06 02:02:22,True
HERTA,CQHO    ,9535151,PT,,CS,59307,255805590,1.28533336012,103.757728889,0.0,0.0,5.71072,0.0,2.07694180987,118.998,2023-07-06 02:02:32,True
HERTA,CQHO    ,9535151,PT,,CS,59307,255805590,1.28533336012,103.757728889,0.0,0.0,5.71072,0.0,2.07694180987,118.998,2023-07-06 02:02:42,True
HERTA,CQHO    ,9535151,PT,,CS,59307,255805590,1.28533336012,103.757728889,0.0,0.0,5.71072,0.0,2.07694180987,118.998,2023-07-06 02:02:53,True
HERTA,CQHO    ,9535151,PT,,CS,59307,255805590,1.28533336012,103.757728889,0.0,0.0,5.71072,0.0,2.07694180987,118.998,2023-07-06 02:03:02,True
HERTA,CQHO    ,9535151,PT,,CS,59307,255805590,1.28533336012,103.757728889,0.0,0.0,5.71072,0.0,2.07694180987,118.998,2023-07-06 02:03:12,True
HERTA,CQHO    ,9535151,PT,,CS,59307,255805590,1.28533336012,103.757728889,0.0,0.0,5.71072,0.0,2.07694180987,118.998,2023-07-06 02:03:22,True
HERTA,CQHO    ,9535151,PT,,CS,59307,255805590,1.28533336012,103.757728889,0.0,0.0,5.71072,0.0,2.07694180987,118.998,2023-07-06 02:03:32,True
HERTA,CQHO    ,9535151,PT,,CS,59307,255805590,1.28533336012,103.757728889,0.0,0.0,5.71072,0.0,2.07694180987,118.998,2023-07-06 02:03:42,True
HERTA,CQHO    ,9535151,PT,,CS,59307,255805590,1.28533336012,103.757728889,0.0,0.0,5.71072,0.0,2.07694180987,118.998,2023-07-06 02:03:53,True
HERTA,CQHO    ,9535151,PT,,CS,59307,255805590,1.28533336012,103.757728889,0.0,0.0,5.71072,0.0,2.07694180987,118.998,2023-07-06 02:04:02,True
HERTA,CQHO    ,9535151,PT,,CS,59307,255805590,1.28533336012,103.757728889,0.0,0.0,5.71072,0.0,2.07694180987,118.998,2023-07-06 02:04:12,True
HERTA,CQHO    ,9535151,PT,,CS,59307,255805590,1.28533336012,103.757728889,0.0,0.0,5.71072,0.0,2.07694180987,118.998,2023-07-06 02:04:22,True
HERTA,CQHO    ,9535151,PT,,CS,59307,255805590,1.28533336012,103.757728889,0.0,0.0,5.71072,0.0,2.07694180987,118.998,2023-07-06 02:04:32,True
HERTA,CQHO    ,9535151,PT,,CS,59307,255805590,1.28533336012,103.757728889,0.0,0.0,5.71072,0.0,2.07694180987,118.998,2023-07-06 02:04:42,True
HERTA,CQHO    ,9535151,PT,,CS,59307,255805590,1.28533336012,103.757728889,0.0,0.0,5.71072,0.0,2.07694180987,118.998,2023-07-06 02:04:53,True
HERTA,CQHO    ,9535151,PT,,CS,59307,255805590,1.28533336012,103.757728889,0.0,0.0,5.71072,0.0,2.07694180987,118.998,2023-07-06 02:05:02,True
HERTA,CQHO    ,9535151,PT,,CS,59307,255805590,1.28532169236,103.75775889,0.0,0.0,4.97244,0.0,2.07694180987,118.998,2023-07-06 02:05:12,True
HERTA,CQHO    ,9535151,PT,,CS,59307,255805590,1.28532169236,103.75775889,0.0,0.0,4.97244,0.0,2.07694180987,118.998,2023-07-06 02:05:22,True
HERTA,CQHO    ,9535151,PT,,CS,59307,255805590,1.28532169236,103.75775889,0.0,0.0,4.97244,0.0,2.07694180987,118.998,2023-07-06 02:05:32,True
HERTA,CQHO    ,9535151,PT,,CS,59307,255805590,1.28532169236,103.75775889,0.0,0.0,4.97244,0.0,2.07694180987,118.998,2023-07-06 02:05:42,True
HERTA,CQHO    ,9535151,PT,,CS,59307,255805590,1.28532169236,103.75775889,0.0,0.0,4.97244,0.0,2.07694180987,118.998,2023-07-06 02:05:53,True
HERTA,CQHO    ,9535151,PT,,CS,59307,255805590,1.28532169236,103.75775889,0.0,0.0,4.97244,0.0,2.07694180987,118.998,2023-07-06 02:06:02,True
HERTA,CQHO    ,9535151,PT,,CS,59307,255805590,1.28532169236,103.75775889,0.0,0.0,4.97244,0.0,2.07694180987,118.998,2023-07-06 02:06:12,True
HERTA,CQHO    ,9535151,PT,,CS,59307,255805590,1.28532169236,103.75775889,0.0,0.0,4.97244,0.0,2.07694180987,118.998,2023-07-06 02:06:22,True
HERTA,CQHO    ,9535151,PT,,CS,59307,255805590,1.28532169236,103.75775889,0.0,0.0,4.97244,0.0,2.07694180987,118.998,2023-07-06 02:06:32,True
HERTA,CQHO    ,9535151,PT,,CS,59307,255805590,1.28532169236,103.75775889,0.0,0.0,4.97244,0.0,2.07694180987,118.998,2023-07-06 02:06:42,True
HERTA,CQHO    ,9535151,PT,,CS,59307,255805590,1.28532169236,103.75775889,0.0,0.0,4.97244,0.0,2.07694180987,118.998,2023-07-06 02:06:53,True
HERTA,CQHO    ,9535151,PT,,CS,59307,255805590,1.28532169236,103.75775889,0.0,0.0,4.97244,0.0,2.07694180987,118.998,2023-07-06 02:07:02,True
HERTA,CQHO    ,9535151,PT,,CS,59307,255805590,1.28532169236,103.75775889,0.0,0.0,4.97244,0.0,2.07694180987,118.998,2023-07-06 02:07:12,True
HERTA,CQHO    ,9535151,PT,,CS,59307,255805590,1.28532169236,103.75775889,0.0,0.0,4.97244,0.0,2.07694180987,118.998,2023-07-06 02:07:22,True
HERTA,CQHO    ,9535151,PT,,CS,59307,255805590,1.28532169236,103.75775889,0.0,0.0,4.97244,0.0,2.07694180987,118.998,2023-07-06 02:07:32,True
HERTA,CQHO    ,9535151,PT,,CS,59307,255805590,1.28532169236,103.75775889,0.0,0.0,4.97244,0.0,2.07694180987,118.998,2023-07-06 02:07:42,True
HERTA,CQHO    ,9535151,PT,,CS,59307,255805590,1.28532169236,103.75775889,0.0,0.0,4.97244,0.0,2.07694180987,118.998,2023-07-06 02:07:53,True
HERTA,CQHO    ,9535151,PT,,CS,59307,255805590,1.28532169236,103.75775889,0.0,0.0,4.97244,0.0,2.07694180987,118.998,2023-07-06 02:08:02,True
HERTA,CQHO    ,9535151,PT,,CS,59307,255805590,1.2853200255,103.757762225,0.0,0.0,0.668461,0.0,2.07694180987,118.998,2023-07-06 02:08:12,True
HERTA,CQHO    ,9535151,PT,,CS,59307,255805590,1.2853200255,103.757762225,0.0,0.0,0.668461,0.0,2.07694180987,118.998,2023-07-06 02:08:22,True
HERTA,CQHO    ,9535151,PT,,CS,59307,255805590,1.2853200255,103.757762225,0.0,0.0,0.668461,0.0,2.07694180987,118.998,2023-07-06 02:08:32,True
HERTA,CQHO    ,9535151,PT,,CS,59307,255805590,1.2853200255,103.757762225,0.0,0.0,0.668461,0.0,2.07694180987,118.998,2023-07-06 02:08:42,True
HERTA,CQHO    ,9535151,PT,,CS,59307,255805590,1.2853200255,103.757762225,0.0,0.0,0.668461,0.0,2.07694180987,118.998,2023-07-06 02:08:53,True
HERTA,CQHO    ,9535151,PT,,CS,59307,255805590,1.2853200255,103.757762225,0.0,0.0,0.668461,0.0,2.07694180987,118.998,2023-07-06 02:09:02,True
HERTA,CQHO    ,9535151,PT,,CS,59307,255805590,1.2853200255,103.757762225,0.0,0.0,0.668461,0.0,2.07694180987,118.998,2023-07-06 02:09:12,True
HERTA,CQHO    ,9535151,PT,,CS,59307,255805590,1.2853200255,103.757762225,0.0,0.0,0.668461,0.0,2.07694180987,118.998,2023-07-06 02:09:22,True
HERTA,CQHO    ,9535151,PT,,CS,59307,255805590,1.2853200255,103.757762225,0.0,0.0,0.668461,0.0,2.07694180987,118.998,2023-07-06 02:09:32,True
HERTA,CQHO    ,9535151,PT,,CS,59307,255805590,1.2853200255,103.757762225,0.0,0.0,0.668461,0.0,2.07694180987,118.998,2023-07-06 02:09:42,True
HERTA,CQHO    ,9535151,PT,,CS,59307,255805590,1.2853200255,103.757762225,0.0,0.0,0.668461,0.0,2.07694180987,118.998,2023-07-06 02:09:53,True
HERTA,CQHO    ,9535151,PT,,CS,59307,255805590,1.2853200255,103.757762225,0.0,0.0,0.668461,0.0,2.07694180987,118.998,2023-07-06 02:10:02,True
HERTA,CQHO    ,9535151,PT,,CS,59307,255805590,1.2853200255,103.757762225,0.0,0.0,0.668461,0.0,2.07694180987,118.998,2023-07-06 02:10:12,True
HERTA,CQHO    ,9535151,PT,,CS,59307,255805590,1.2853200255,103.757762225,0.0,0.0,0.668461,0.0,2.07694180987,118.998,2023-07-06 02:10:22,True
HERTA,CQHO    ,9535151,PT,,CS,59307,255805590,1.2853200255,103.757762225,0.0,0.0,0.668461,0.0,2.07694180987,118.998,2023-07-06 02:10:32,True
HERTA,CQHO    ,9535151,PT,,CS,59307,255805590,1.2853200255,103.757762225,0.0,0.0,0.668461,0.0,2.07694180987,118.998,2023-07-06 02:10:42,True
HERTA,CQHO    ,9535151,PT,,CS,59307,255805590,1.2853200255,103.757762225,0.0,0.0,0.668461,0.0,2.07694180987,118.998,2023-07-06 02:10:53,True
HERTA,CQHO    ,9535151,PT,,CS,59307,255805590,1.28532002556,103.757763892,0.0,0.0,5.37212,0.0,2.07694180987,118.998,2023-07-06 02:11:02,True
HERTA,CQHO    ,9535151,PT,,CS,59307,255805590,1.28532002556,103.757763892,0.0,0.0,5.37212,0.0,2.07694180987,118.998,2023-07-06 02:11:12,True
HERTA,CQHO    ,9535151,PT,,CS,59307,255805590,1.28532002556,103.757763892,0.0,0.0,5.37212,0.0,2.07694180987,118.998,2023-07-06 02:11:22,True
HERTA,CQHO    ,9535151,PT,,CS,59307,255805590,1.28532002556,103.757763892,0.0,0.0,5.37212,0.0,2.07694180987,118.998,2023-07-06 02:11:32,True
HERTA,CQHO    ,9535151,PT,,CS,59307,255805590,1.28532002556,103.757763892,0.0,0.0,5.37212,0.0,2.07694180987,118.998,2023-07-06 02:11:42,True
HERTA,CQHO    ,9535151,PT,,CS,59307,255805590,1.28532002556,103.757763892,0.0,0.0,5.37212,0.0,2.07694180987,118.998,2023-07-06 02:11:53,True
HERTA,CQHO    ,9535151,PT,,CS,59307,255805590,1.28532002556,103.757763892,0.0,0.0,5.37212,0.0,2.07694180987,118.998,2023-07-06 02:12:02,True
HERTA,CQHO    ,9535151,PT,,CS,59307,255805590,1.28532002556,103.757763892,0.0,0.0,5.37212,0.0,2.07694180987,118.998,2023-07-06 02:12:12,True
HERTA,CQHO    ,9535151,PT,,CS,59307,255805590,1.28532002556,103.757763892,0.0,0.0,5.37212,0.0,2.07694180987,118.998,2023-07-06 02:12:22,True
HERTA,CQHO    ,9535151,PT,,CS,59307,255805590,1.28532002556,103.757763892,0.0,0.0,5.37212,0.0,2.07694180987,118.998,2023-07-06 02:12:32,True
HERTA,CQHO    ,9535151,PT,,CS,59307,255805590,1.28532002556,103.757763892,0.0,0.0,5.37212,0.0,2.07694180987,118.998,2023-07-06 02:12:42,True
HERTA,CQHO    ,9535151,PT,,CS,59307,255805590,1.28532002556,103.757763892,0.0,0.0,5.37212,0.0,2.07694180987,118.998,2023-07-06 02:12:53,True
HERTA,CQHO    ,9535151,PT,,CS,59307,255805590,1.28532002556,103.757763892,0.0,0.0,5.37212,0.0,2.07694180987,118.998,2023-07-06 02:13:02,True
HERTA,CQHO    ,9535151,PT,,CS,59307,255805590,1.28532002556,103.757763892,0.0,0.0,5.37212,0.0,2.07694180987,118.998,2023-07-06 02:13:12,True
HERTA,CQHO    ,9535151,PT,,CS,59307,255805590,1.28532002556,103.757763892,0.0,0.0,5.37212,0.0,2.07694180987,118.998,2023-07-06 02:13:22,True
HERTA,CQHO    ,9535151,PT,,CS,59307,255805590,1.28532002556,103.757763892,0.0,0.0,5.37212,0.0,2.07694180987,118.998,2023-07-06 02:13:32,True
HERTA,CQHO    ,9535151,PT,,CS,59307,255805590,1.28532002556,103.757763892,0.0,0.0,5.37212,0.0,2.07694180987,118.998,2023-07-06 02:13:42,True
HERTA,CQHO    ,9535151,PT,,CS,59307,255805590,1.28532002556,103.757763892,0.0,0.0,5.37212,0.0,2.07694180987,118.998,2023-07-06 02:13:53,True
HERTA,CQHO    ,9535151,PT,,CS,59307,255805590,1.28532669348,103.757763892,0.0,0.0,5.37212,0.0,2.07694180987,118.998,2023-07-06 02:14:02,True
HERTA,CQHO    ,9535151,PT,,CS,59307,255805590,1.28532669348,103.757763892,0.0,0.0,0.279253,0.0,2.07694180987,118.998,2023-07-06 02:14:12,True
HERTA,CQHO    ,9535151,PT,,CS,59307,255805590,1.28532669348,103.757763892,0.0,0.0,0.279253,0.0,2.07694180987,118.998,2023-07-06 02:14:22,True
HERTA,CQHO    ,9535151,PT,,CS,59307,255805590,1.28532669348,103.757763892,0.0,0.0,0.279253,0.0,2.07694180987,118.998,2023-07-06 02:14:32,True
HERTA,CQHO    ,9535151,PT,,CS,59307,255805590,1.28532669348,103.757763892,0.0,0.0,0.279253,0.0,2.07694180987,118.998,2023-07-06 02:14:42,True
HERTA,CQHO    ,9535151,PT,,CS,59307,255805590,1.28532669348,103.757763892,0.0,0.0,0.279253,0.0,2.07694180987,118.998,2023-07-06 02:14:53,True
HERTA,CQHO    ,9535151,PT,,CS,59307,255805590,1.28532669348,103.757763892,0.0,0.0,0.279253,0.0,2.07694180987,118.998,2023-07-06 02:15:02,True
HERTA,CQHO    ,9535151,PT,,CS,59307,255805590,1.28532669348,103.757763892,0.0,0.0,0.279253,0.0,2.07694180987,118.998,2023-07-06 02:15:12,True
HERTA,CQHO    ,9535151,PT,,CS,59307,255805590,1.28532669348,103.757763892,0.0,0.0,0.279253,0.0,2.07694180987,118.998,2023-07-06 02:15:22,True
HERTA,CQHO    ,9535151,PT,,CS,59307,255805590,1.28532669348,103.757763892,0.0,0.0,0.279253,0.0,2.07694180987,118.998,2023-07-06 02:15:32,True
HERTA,CQHO    ,9535151,PT,,CS,59307,255805590,1.28532669348,103.757763892,0.0,0.0,0.279253,0.0,2.07694180987,118.998,2023-07-06 02:15:42,True
HERTA,CQHO    ,9535151,PT,,CS,59307,255805590,1.28532669348,103.757763892,0.0,0.0,0.279253,0.0,2.07694180987,118.998,2023-07-06 02:15:53,True
HERTA,CQHO    ,9535151,PT,,CS,59307,255805590,1.28532669348,103.757763892,0.0,0.0,0.279253,0.0,2.07694180987,118.998,2023-07-06 02:16:02,True
HERTA,CQHO    ,9535151,PT,,CS,59307,255805590,1.28532669348,103.757763892,0.0,0.0,0.279253,0.0,2.07694180987,118.998,2023-07-06 02:16:12,True
HERTA,CQHO    ,9535151,PT,,CS,59307,255805590,1.28532669348,103.757763892,0.0,0.0,0.279253,0.0,2.07694180987,118.998,2023-07-06 02:16:22,True
HERTA,CQHO    ,9535151,PT,,CS,59307,255805590,1.28532669348,103.757763892,0.0,0.0,0.279253,0.0,2.07694180987,118.998,2023-07-06 02:16:32,True
HERTA,CQHO    ,9535151,PT,,CS,59307,255805590,1.28532669348,103.757763892,0.0,0.0,0.279253,0.0,2.07694180987,118.998,2023-07-06 02:16:42,True
HERTA,CQHO    ,9535151,PT,,CS,59307,255805590,1.28532669348,103.757763892,0.0,0.0,0.279253,0.0,2.07694180987,118.998,2023-07-06 02:16:53,True
HERTA,CQHO    ,9535151,PT,,CS,59307,255805590,1.28532669348,103.757763892,0.0,0.0,0.279253,0.0,2.07694180987,118.998,2023-07-06 02:17:02,True
HERTA,CQHO    ,9535151,PT,,CS,59307,255805590,1.28532669348,103.757763892,0.0,0.0,0.279253,0.0,2.07694180987,118.998,2023-07-06 02:17:12,True
HERTA,CQHO    ,9535151,PT,,CS,59307,255805590,1.28532669348,103.757763892,0.0,0.0,0.279253,0.0,2.07694180987,118.998,2023-07-06 02:17:22,True
HERTA,CQHO    ,9535151,PT,,CS,59307,255805590,1.28532669348,103.757763892,0.0,0.0,0.279253,0.0,2.07694180987,118.998,2023-07-06 02:17:32,True
HERTA,CQHO    ,9535151,PT,,CS,59307,255805590,1.28532669348,103.757763892,0.0,0.0,0.279253,0.0,2.07694180987,118.998,2023-07-06 02:17:42,True
HERTA,CQHO    ,9535151,PT,,CS,59307,255805590,1.28532669348,103.757763892,0.0,0.0,0.279253,0.0,2.07694180987,118.998,2023-07-06 02:17:53,True
HERTA,CQHO    ,9535151,PT,,CS,59307,255805590,1.28532669348,103.757763892,0.0,0.0,0.279253,0.0,2.07694180987,118.998,2023-07-06 02:18:02,True
HERTA,CQHO    ,9535151,PT,,CS,59307,255805590,1.28532669348,103.757763892,0.0,0.0,0.279253,0.0,2.07694180987,118.998,2023-07-06 02:18:12,True
HERTA,CQHO    ,9535151,PT,,CS,59307,255805590,1.28532669348,103.757763892,0.0,0.0,0.279253,0.0,2.07694180987,118.998,2023-07-06 02:18:22,True
HERTA,CQHO    ,9535151,PT,,CS,59307,255805590,1.28532669348,103.757763892,0.0,0.0,0.279253,0.0,2.07694180987,118.998,2023-07-06 02:18:32,True
HERTA,CQHO    ,9535151,PT,,CS,59307,255805590,1.28532669348,103.757763892,0.0,0.0,0.279253,0.0,2.07694180987,118.998,2023-07-06 02:18:42,True
HERTA,CQHO    ,9535151,PT,,CS,59307,255805590,1.28532669348,103.757763892,0.0,0.0,0.279253,0.0,2.07694180987,118.998,2023-07-06 02:18:53,True
HERTA,CQHO    ,9535151,PT,,CS,59307,255805590,1.28532669348,103.757763892,0.0,0.0,0.279253,0.0,2.07694180987,118.998,2023-07-06 02:19:02,True
HERTA,CQHO    ,9535151,PT,,CS,59307,255805590,1.28532669348,103.757763892,0.0,0.0,0.279253,0.0,2.07694180987,118.998,2023-07-06 02:19:12,True
HERTA,CQHO    ,9535151,PT,,CS,59307,255805590,1.28532669348,103.757763892,0.0,0.0,0.279253,0.0,2.07694180987,118.998,2023-07-06 02:19:22,True
HERTA,CQHO    ,9535151,PT,,CS,59307,255805590,1.28532669348,103.757763892,0.0,0.0,0.279253,0.0,2.07694180987,118.998,2023-07-06 02:19:32,True
HERTA,CQHO    ,9535151,PT,,CS,59307,255805590,1.28532669348,103.757763892,0.0,0.0,0.279253,0.0,2.07694180987,118.998,2023-07-06 02:19:42,True
HERTA,CQHO    ,9535151,PT,,CS,59307,255805590,1.28532669348,103.757763892,0.0,0.0,0.279253,0.0,2.07694180987,118.998,2023-07-06 02:19:53,True
HERTA,CQHO    ,9535151,PT,,CS,59307,255805590,1.28532669348,103.757763892,0.0,0.0,0.279253,0.0,2.07694180987,118.998,2023-07-06 02:20:02,True
HERTA,CQHO    ,9535151,PT,,CS,59307,255805590,1.28532502656,103.757765559,0.0,0.0,5.19235,0.0,2.07694180987,118.998,2023-07-06 02:20:12,True
HERTA,CQHO    ,9535151,PT,,CS,59307,255805590,1.28532502656,103.757765559,0.0,0.0,5.19235,0.0,2.07694180987,118.998,2023-07-06 02:20:22,True
HERTA,CQHO    ,9535151,PT,,CS,59307,255805590,1.28532502656,103.757765559,0.0,0.0,5.19235,0.0,2.07694180987,118.998,2023-07-06 02:20:32,True
HERTA,CQHO    ,9535151,PT,,CS,59307,255805590,1.28532502656,103.757765559,0.0,0.0,5.19235,0.0,2.07694180987,118.998,2023-07-06 02:20:42,True
HERTA,CQHO    ,9535151,PT,,CS,59307,255805590,1.28532502656,103.757765559,0.0,0.0,5.19235,0.0,2.07694180987,118.998,2023-07-06 02:20:53,True
HERTA,CQHO    ,9535151,PT,,CS,59307,255805590,1.28532502656,103.757765559,0.0,0.0,5.19235,0.0,2.07694180987,118.998,2023-07-06 02:21:02,True
HERTA,CQHO    ,9535151,PT,,CS,59307,255805590,1.28532502656,103.757765559,0.0,0.0,5.19235,0.0,2.07694180987,118.998,2023-07-06 02:21:12,True
HERTA,CQHO    ,9535151,PT,,CS,59307,255805590,1.28532502656,103.757765559,0.0,0.0,5.19235,0.0,2.07694180987,118.998,2023-07-06 02:21:22,True
HERTA,CQHO    ,9535151,PT,,CS,59307,255805590,1.28532502656,103.757765559,0.0,0.0,5.19235,0.0,2.07694180987,118.998,2023-07-06 02:21:32,True
HERTA,CQHO    ,9535151,PT,,CS,59307,255805590,1.28532502656,103.757765559,0.0,0.0,5.19235,0.0,2.07694180987,118.998,2023-07-06 02:21:42,True
HERTA,CQHO    ,9535151,PT,,CS,59307,255805590,1.28532502656,103.757765559,0.0,0.0,5.19235,0.0,2.07694180987,118.998,2023-07-06 02:21:53,True
HERTA,CQHO    ,9535151,PT,,CS,59307,255805590,1.28532502656,103.757765559,0.0,0.0,5.19235,0.0,2.07694180987,118.998,2023-07-06 02:22:02,True
HERTA,CQHO    ,9535151,PT,,CS,59307,255805590,1.28532502656,103.757765559,0.0,0.0,5.19235,0.0,2.07694180987,118.998,2023-07-06 02:22:12,True
HERTA,CQHO    ,9535151,PT,,CS,59307,255805590,1.28532502656,103.757765559,0.0,0.0,5.19235,0.0,2.07694180987,118.998,2023-07-06 02:22:22,True
HERTA,CQHO    ,9535151,PT,,CS,59307,255805590,1.28532502656,103.757765559,0.0,0.0,5.19235,0.0,2.07694180987,118.998,2023-07-06 02:22:32,True
HERTA,CQHO    ,9535151,PT,,CS,59307,255805590,1.28532502656,103.757765559,0.0,0.0,5.19235,0.0,2.07694180987,118.998,2023-07-06 02:22:42,True
HERTA,CQHO    ,9535151,PT,,CS,59307,255805590,1.28532502656,103.757765559,0.0,0.0,5.19235,0.0,2.07694180987,118.998,2023-07-06 02:22:53,True
HERTA,CQHO    ,9535151,PT,,CS,59307,255805590,1.28532502656,103.757765559,0.0,0.0,5.19235,0.0,2.07694180987,118.998,2023-07-06 02:23:02,True
HERTA,CQHO    ,9535151,PT,,CS,59307,255805590,1.28532835825,103.757763892,0.0,0.0,6.14879,0.0,2.07694180987,118.998,2023-07-06 02:23:12,True
HERTA,CQHO    ,9535151,PT,,CS,59307,255805590,1.28532835825,103.757763892,0.0,0.0,6.14879,0.0,2.07694180987,118.998,2023-07-06 02:23:22,True
HERTA,CQHO    ,9535151,PT,,CS,59307,255805590,1.28532835825,103.757763892,0.0,0.0,6.14879,0.0,2.07694180987,118.998,2023-07-06 02:23:32,True
HERTA,CQHO    ,9535151,PT,,CS,59307,255805590,1.28532835825,103.757763892,0.0,0.0,6.14879,0.0,2.07694180987,118.998,2023-07-06 02:23:42,True
HERTA,CQHO    ,9535151,PT,,CS,59307,255805590,1.28532835825,103.757763892,0.0,0.0,6.14879,0.0,2.07694180987,118.998,2023-07-06 02:23:53,True
HERTA,CQHO    ,9535151,PT,,CS,59307,255805590,1.28532835825,103.757763892,0.0,0.0,6.14879,0.0,2.07694180987,118.998,2023-07-06 02:24:02,True
HERTA,CQHO    ,9535151,PT,,CS,59307,255805590,1.28532835825,103.757763892,0.0,0.0,6.14879,0.0,2.07694180987,118.998,2023-07-06 02:24:12,True
HERTA,CQHO    ,9535151,PT,,CS,59307,255805590,1.28532835825,103.757763892,0.0,0.0,6.14879,0.0,2.07694180987,118.998,2023-07-06 02:24:22,True
HERTA,CQHO    ,9535151,PT,,CS,59307,255805590,1.28532835825,103.757763892,0.0,0.0,6.14879,0.0,2.07694180987,118.998,2023-07-06 02:24:32,True
HERTA,CQHO    ,9535151,PT,,CS,59307,255805590,1.28532835825,103.757763892,0.0,0.0,6.14879,0.0,2.07694180987,118.998,2023-07-06 02:24:42,True
HERTA,CQHO    ,9535151,PT,,CS,59307,255805590,1.28532835825,103.757763892,0.0,0.0,6.14879,0.0,2.07694180987,118.998,2023-07-06 02:24:53,True
HERTA,CQHO    ,9535151,PT,,CS,59307,255805590,1.28532835825,103.757763892,0.0,0.0,6.14879,0.0,2.07694180987,118.998,2023-07-06 02:25:02,True
HERTA,CQHO    ,9535151,PT,,CS,59307,255805590,1.28532835825,103.757763892,0.0,0.0,6.14879,0.0,2.07694180987,118.998,2023-07-06 02:25:12,True
HERTA,CQHO    ,9535151,PT,,CS,59307,255805590,1.28532835825,103.757763892,0.0,0.0,6.14879,0.0,2.07694180987,118.998,2023-07-06 02:25:22,True
HERTA,CQHO    ,9535151,PT,,CS,59307,255805590,1.28532835825,103.757763892,0.0,0.0,6.14879,0.0,2.07694180987,118.998,2023-07-06 02:25:32,True
HERTA,CQHO    ,9535151,PT,,CS,59307,255805590,1.28532835825,103.757763892,0.0,0.0,6.14879,0.0,2.07694180987,118.998,2023-07-06 02:25:42,True
HERTA,CQHO    ,9535151,PT,,CS,59307,255805590,1.28532835825,103.757763892,0.0,0.0,6.14879,0.0,2.07694180987,118.998,2023-07-06 02:25:53,True
HERTA,CQHO    ,9535151,PT,,CS,59307,255805590,1.2853250265,103.757763892,0.0,0.0,6.14879,0.0,2.07694180987,118.998,2023-07-06 02:26:02,True
HERTA,CQHO    ,9535151,PT,,CS,59307,255805590,1.2853250265,103.757763892,0.0,0.0,6.16625,0.0,2.07694180987,118.998,2023-07-06 02:26:12,True
HERTA,CQHO    ,9535151,PT,,CS,59307,255805590,1.2853250265,103.757763892,0.0,0.0,6.16625,0.0,2.07694180987,118.998,2023-07-06 02:26:22,True
HERTA,CQHO    ,9535151,PT,,CS,59307,255805590,1.2853250265,103.757763892,0.0,0.0,6.16625,0.0,2.07694180987,118.998,2023-07-06 02:26:32,True
HERTA,CQHO    ,9535151,PT,,CS,59307,255805590,1.2853250265,103.757763892,0.0,0.0,6.16625,0.0,2.07694180987,118.998,2023-07-06 02:26:42,True
HERTA,CQHO    ,9535151,PT,,CS,59307,255805590,1.2853250265,103.757763892,0.0,0.0,6.16625,0.0,2.07694180987,118.998,2023-07-06 02:26:53,True
HERTA,CQHO    ,9535151,PT,,CS,59307,255805590,1.2853250265,103.757763892,0.0,0.0,6.16625,0.0,2.07694180987,118.998,2023-07-06 02:27:02,True
HERTA,CQHO    ,9535151,PT,,CS,59307,255805590,1.2853250265,103.757763892,0.0,0.0,6.16625,0.0,2.07694180987,118.998,2023-07-06 02:27:12,True
HERTA,CQHO    ,9535151,PT,,CS,59307,255805590,1.2853250265,103.757763892,0.0,0.0,6.16625,0.0,2.07694180987,118.998,2023-07-06 02:27:22,True
HERTA,CQHO    ,9535151,PT,,CS,59307,255805590,1.2853250265,103.757763892,0.0,0.0,6.16625,0.0,2.07694180987,118.998,2023-07-06 02:27:32,True
HERTA,CQHO    ,9535151,PT,,CS,59307,255805590,1.2853250265,103.757763892,0.0,0.0,6.16625,0.0,2.07694180987,118.998,2023-07-06 02:27:42,True
HERTA,CQHO    ,9535151,PT,,CS,59307,255805590,1.2853250265,103.757763892,0.0,0.0,6.16625,0.0,2.07694180987,118.998,2023-07-06 02:27:53,True
HERTA,CQHO    ,9535151,PT,,CS,59307,255805590,1.2853250265,103.757763892,0.0,0.0,6.16625,0.0,2.07694180987,118.998,2023-07-06 02:28:02,True
HERTA,CQHO    ,9535151,PT,,CS,59307,255805590,1.2853250265,103.757763892,0.0,0.0,6.16625,0.0,2.07694180987,118.998,2023-07-06 02:28:12,True
HERTA,CQHO    ,9535151,PT,,CS,59307,255805590,1.2853250265,103.757763892,0.0,0.0,6.16625,0.0,2.07694180987,118.998,2023-07-06 02:28:22,True
HERTA,CQHO    ,9535151,PT,,CS,59307,255805590,1.2853250265,103.757763892,0.0,0.0,6.16625,0.0,2.07694180987,118.998,2023-07-06 02:28:32,True
HERTA,CQHO    ,9535151,PT,,CS,59307,255805590,1.2853250265,103.757763892,0.0,0.0,6.16625,0.0,2.07694180987,118.998,2023-07-06 02:28:42,True
HERTA,CQHO    ,9535151,PT,,CS,59307,255805590,1.2853250265,103.757763892,0.0,0.0,6.16625,0.0,2.07694180987,118.998,2023-07-06 02:28:53,True
HERTA,CQHO    ,9535151,PT,,CS,59307,255805590,1.2853250265,103.757763892,0.0,0.0,6.16625,0.0,2.07694180987,118.998,2023-07-06 02:29:02,True
HERTA,CQHO    ,9535151,PT,,CS,59307,255805590,1.28532502638,103.757760558,0.0,0.0,6.16625,0.0,2.07694180987,118.998,2023-07-06 02:29:12,True
HERTA,CQHO    ,9535151,PT,,CS,59307,255805590,1.28532502638,103.757760558,0.0,0.0,5.55713,0.0,2.07694180987,118.998,2023-07-06 02:29:22,True
HERTA,CQHO    ,9535151,PT,,CS,59307,255805590,1.28532502638,103.757760558,0.0,0.0,5.55713,0.0,2.07694180987,118.998,2023-07-06 02:29:32,True
HERTA,CQHO    ,9535151,PT,,CS,59307,255805590,1.28532502638,103.757760558,0.0,0.0,5.55713,0.0,2.07694180987,118.998,2023-07-06 02:29:42,True
HERTA,CQHO    ,9535151,PT,,CS,59307,255805590,1.28532502638,103.757760558,0.0,0.0,5.55713,0.0,2.07694180987,118.998,2023-07-06 02:29:53,True
HERTA,CQHO    ,9535151,PT,,CS,59307,255805590,1.28532502638,103.757760558,0.0,0.0,5.55713,0.0,2.07694180987,118.998,2023-07-06 02:30:02,True
HERTA,CQHO    ,9535151,PT,,CS,59307,255805590,1.28532502638,103.757760558,0.0,0.0,5.55713,0.0,2.07694180987,118.998,2023-07-06 02:30:12,True
HERTA,CQHO    ,9535151,PT,,CS,59307,255805590,1.28523196047,103.758006431,1.28611,2.47815,1.27409,73.1286,2.07694180987,118.998,2023-07-06 02:30:22,False
HERTA,CQHO    ,9535151,PT,,CS,59307,255805590,1.28525916523,103.758094836,1.28611,2.47815,1.27409,73.1286,2.07694180987,118.998,2023-07-06 02:30:32,False
HERTA,CQHO    ,9535151,PT,,CS,59307,255805590,1.2852392063,103.757930265,0.154333,0.292224,3.03164,176.186,2.07694180987,118.998,2023-07-06 02:30:42,True
