name,callsign,imonumber,flag,length,type,grosstonnage,mmsinumber,latitudedegrees,longitudedegrees,speedoverground,speedoverwater,courseoverground,courseoverwater,headingoverground,headingoverwater,timestamp,is_stopped
MONTE TAMARO,9V6123  ,9357949,SG,,CS,69132,563052100,1.28651731647,103.757590994,0.617333,1.19337,6.05629,347.775,2.19911485751,125.997,2023-07-24 21:44:25,False
MONTE TAMARO,9V6123  ,9357949,SG,,CS,69132,563052100,1.28655539614,103.757582262,0.617333,1.19337,6.05629,347.775,2.19911485751,125.997,2023-07-24 21:44:35,False
MONTE TAMARO,9V6123  ,9357949,SG,,CS,69132,563052100,1.28659891386,103.757572284,0.617333,1.19337,6.05629,347.775,2.19911485751,125.997,2023-07-24 21:44:45,False
MONTE TAMARO,9V6123  ,9357949,SG,,CS,69132,563052100,1.28667507319,103.75755481,0.617333,1.19337,6.05629,347.775,2.19911485751,125.997,2023-07-24 21:44:55,False
MONTE TAMARO,9V6123  ,9357949,SG,,CS,69132,563052100,1.28671315064,103.757546078,0.617333,1.19337,6.05629,347.775,2.19911485751,125.997,2023-07-24 21:45:05,False
MONTE TAMARO,9V6123  ,9357949,SG,,CS,69132,563052100,1.28675123031,103.757537346,0.617333,1.19337,6.05629,347.775,2.19911485751,125.997,2023-07-24 21:45:15,False
MONTE TAMARO,9V6123  ,9357949,SG,,CS,69132,563052100,1.28682738743,103.757519872,0.617333,1.19337,6.05629,347.775,2.19911485751,125.997,2023-07-24 21:45:25,False
MONTE TAMARO,9V6123  ,9357949,SG,,CS,69132,563052100,1.28686546709,103.75751114,0.617333,1.19337,6.05629,347.775,2.19911485751,125.997,2023-07-24 21:45:35,False
MONTE TAMARO,9V6123  ,9357949,SG,,CS,69132,563052100,1.28694706448,103.75749242,0.617333,1.19337,6.05629,347.775,2.19911485751,125.997,2023-07-24 21:45:45,False
MONTE TAMARO,9V6123  ,9357949,SG,,CS,69132,563052100,1.28698514415,103.757483688,0.617333,1.19337,6.05629,347.775,2.19911485751,125.997,2023-07-24 21:45:55,False
MONTE TAMARO,9V6123  ,9357949,SG,,CS,69132,563052100,1.28706130126,103.757466215,0.617333,1.19337,6.05629,347.775,2.19911485751,125.997,2023-07-24 21:46:05,False
MONTE TAMARO,9V6123  ,9357949,SG,,CS,69132,563052100,1.28709938093,103.757457482,0.617333,1.19337,6.05629,347.775,2.19911485751,125.997,2023-07-24 21:46:15,False
MONTE TAMARO,9V6123  ,9357949,SG,,CS,69132,563052100,1.28713746059,103.75744875,0.617333,1.19337,6.05629,347.775,2.19911485751,125.997,2023-07-24 21:46:25,False
MONTE TAMARO,9V6123  ,9357949,SG,,CS,69132,563052100,1.28721361771,103.757431277,0.617333,1.19337,6.05629,347.775,2.19911485751,125.997,2023-07-24 21:46:35,False
MONTE TAMARO,9V6123  ,9357949,SG,,CS,69132,563052100,1.28725169737,103.757422545,0.617333,1.19337,6.05629,347.775,2.19911485751,125.997,2023-07-24 21:46:45,False
MONTE TAMARO,9V6123  ,9357949,SG,,CS,69132,563052100,1.28733329476,103.757403825,0.617333,1.19337,6.05629,347.775,2.19911485751,125.997,2023-07-24 21:46:55,False
MONTE TAMARO,9V6123  ,9357949,SG,,CS,69132,563052100,1.28737137442,103.757395093,0.617333,1.19337,6.05629,347.775,2.19911485751,125.997,2023-07-24 21:47:05,False
MONTE TAMARO,9V6123  ,9357949,SG,,CS,69132,563052100,1.28740945188,103.75738636,0.617333,1.19337,6.05629,347.775,2.19911485751,125.997,2023-07-24 21:47:15,False
MONTE TAMARO,9V6123  ,9357949,SG,,CS,69132,563052100,1.2878514914,103.757349122,0.617333,1.5917,6.05629,351.573,2.19911485751,125.997,2023-07-24 21:47:25,False
MONTE TAMARO,9V6123  ,9357949,SG,,CS,69132,563052100,1.2879029577,103.757341021,0.823111,1.5917,6.12611,351.573,2.70526034059,154.995,2023-07-24 21:47:35,False
MONTE TAMARO,9V6123  ,9357949,SG,,CS,69132,563052100,1.28800588809,103.757324827,0.823111,1.5917,6.12611,351.573,2.70526034059,154.995,2023-07-24 21:47:45,False
MONTE TAMARO,9V6123  ,9357949,SG,,CS,69132,563052100,1.28806470672,103.757315568,0.823111,1.5917,6.12611,351.573,2.70526034059,154.995,2023-07-24 21:47:55,False
MONTE TAMARO,9V6123  ,9357949,SG,,CS,69132,563052100,1.28811617302,103.757307476,0.823111,1.5917,6.12611,351.573,2.70526034059,154.995,2023-07-24 21:48:05,False
MONTE TAMARO,9V6123  ,9357949,SG,,CS,69132,563052100,1.28821910562,103.757291274,0.823111,1.5917,6.12611,351.573,2.70526034059,154.995,2023-07-24 21:48:15,False
MONTE TAMARO,9V6123  ,9357949,SG,,CS,69132,563052100,1.28827056971,103.757283173,0.823111,1.5917,6.12611,351.573,2.70526034059,154.995,2023-07-24 21:48:25,False
MONTE TAMARO,9V6123  ,9357949,SG,,CS,69132,563052100,1.28837350231,103.757266979,0.823111,1.5917,6.12611,351.573,2.70526034059,154.995,2023-07-24 21:48:35,False
MONTE TAMARO,9V6123  ,9357949,SG,,CS,69132,563052100,1.28842496861,103.757258878,0.823111,1.5917,6.12611,351.573,2.70526034059,154.995,2023-07-24 21:48:45,False
MONTE TAMARO,9V6123  ,9357949,SG,,CS,69132,563052100,1.2884764349,103.757250777,0.823111,1.5917,6.12611,351.573,2.70526034059,154.995,2023-07-24 21:48:55,False
MONTE TAMARO,9V6123  ,9357949,SG,,CS,69132,563052100,1.28856001074,103.757477586,0.771667,1.48357,0.549779,31.6075,3.22885911619,184.999,2023-07-24 21:49:05,False
MONTE TAMARO,9V6123  ,9357949,SG,,CS,69132,563052100,1.28855278125,103.757517318,0.771667,1.4851,0.652753,37.0199,3.31612557879,189.998,2023-07-24 21:49:15,False
MONTE TAMARO,9V6123  ,9357949,SG,,CS,69132,563052100,1.28863125334,103.757589628,0.771667,1.48548,0.74002,42.8789,3.38593874887,193.997,2023-07-24 21:49:25,False
MONTE TAMARO,9V6123  ,9357949,SG,,CS,69132,563052100,1.28866732752,103.757622357,0.771667,1.48548,0.74002,42.8789,3.38593874887,193.997,2023-07-24 21:49:35,False
MONTE TAMARO,9V6123  ,9357949,SG,,CS,69132,563052100,1.28870246062,103.757701706,0.720222,1.38791,0.914553,52.9696,3.56047167407,204.0,2023-07-24 21:49:45,False
MONTE TAMARO,9V6123  ,9357949,SG,,CS,69132,563052100,1.2887302795,103.757737594,0.720222,1.38791,0.914553,52.9696,3.56047167407,204.0,2023-07-24 21:49:55,False
MONTE TAMARO,9V6123  ,9357949,SG,,CS,69132,563052100,1.28875436362,103.757802018,0.668778,1.27836,1.07687,61.8763,3.71755130675,212.997,2023-07-24 21:50:05,False
MONTE TAMARO,9V6123  ,9357949,SG,,CS,69132,563052100,1.2887886422,103.757879981,0.617333,1.18766,1.20602,68.8952,3.83972435439,219.996,2023-07-24 21:50:15,False
MONTE TAMARO,9V6123  ,9357949,SG,,CS,69132,563052100,1.2887886422,103.757879981,0.617333,1.18766,1.20602,68.8952,3.83972435439,219.996,2023-07-24 21:50:25,False
MONTE TAMARO,9V6123  ,9357949,SG,,CS,69132,563052100,1.28880290699,103.75798548,0.565889,1.08664,1.37706,79.6952,3.99680398707,228.999,2023-07-24 21:50:35,False
MONTE TAMARO,9V6123  ,9357949,SG,,CS,69132,563052100,1.2887913001,103.757989578,0.514444,0.984284,1.40499,80.9097,4.06661715715,232.998,2023-07-24 21:50:45,False
MONTE TAMARO,9V6123  ,9357949,SG,,CS,69132,563052100,1.28880615656,103.758032934,0.514444,0.984284,1.41023,80.9097,4.11897703471,235.997,2023-07-24 21:50:55,False
MONTE TAMARO,9V6123  ,9357949,SG,,CS,69132,563052100,1.28882083899,103.758087364,0.411556,0.789354,1.38405,80.0738,4.22369678983,241.996,2023-07-24 21:51:05,True
MONTE TAMARO,9V6123  ,9357949,SG,,CS,69132,563052100,1.28882873547,103.758113679,0.411556,0.792936,1.37008,78.6901,4.25860337487,243.995,2023-07-24 21:51:15,True
MONTE TAMARO,9V6123  ,9357949,SG,,CS,69132,563052100,1.28884158858,103.75813601,0.360111,0.693819,1.35438,78.6901,4.29350995991,245.995,2023-07-24 21:51:25,True
MONTE TAMARO,9V6123  ,9357949,SG,,CS,69132,563052100,1.28883952541,103.758170101,0.257222,0.480881,1.3247,75.9638,4.36332312999,249.999,2023-07-24 21:51:35,True
MONTE TAMARO,9V6123  ,9357949,SG,,CS,69132,563052100,1.28883962033,103.7581696,0.154333,0.283028,1.27584,74.0546,4.39822971503,251.999,2023-07-24 21:51:45,True
MONTE TAMARO,9V6123  ,9357949,SG,,CS,69132,563052100,1.28884732878,103.758186114,0.154333,0.283028,1.27584,74.0546,4.39822971503,251.999,2023-07-24 21:51:55,True
MONTE TAMARO,9V6123  ,9357949,SG,,CS,69132,563052100,1.28886180538,103.758166107,0.102889,0.184409,0.298451,18.4349,4.46804288511,255.998,2023-07-24 21:52:05,True
MONTE TAMARO,9V6123  ,9357949,SG,,CS,69132,563052100,1.28888733674,103.758138097,0.205778,0.377426,5.66883,325.491,4.48549617763,256.998,2023-07-24 21:52:15,True
MONTE TAMARO,9V6123  ,9357949,SG,,CS,69132,563052100,1.288885781,103.758100427,0.360111,0.682563,5.07367,289.983,4.52040276267,258.997,2023-07-24 21:52:25,True
MONTE TAMARO,9V6123  ,9357949,SG,,CS,69132,563052100,1.28889383913,103.758079244,0.463,0.682563,4.89914,289.983,4.52040276267,258.997,2023-07-24 21:52:35,True
MONTE TAMARO,9V6123  ,9357949,SG,,CS,69132,563052100,1.28889435201,103.757975359,0.565889,1.09702,4.85376,277.125,4.53785605519,259.997,2023-07-24 21:52:45,False
MONTE TAMARO,9V6123  ,9357949,SG,,CS,69132,563052100,1.28889940024,103.75794012,0.565889,1.09702,4.85376,277.125,4.53785605519,259.997,2023-07-24 21:52:55,False
MONTE TAMARO,9V6123  ,9357949,SG,,CS,69132,563052100,1.28890949449,103.75786964,0.565889,1.09702,4.85376,277.125,4.53785605519,259.997,2023-07-24 21:53:05,False
MONTE TAMARO,9V6123  ,9357949,SG,,CS,69132,563052100,1.28893355189,103.757745985,0.874556,1.68084,4.82409,275.974,4.53785605519,259.997,2023-07-24 21:53:15,False
MONTE TAMARO,9V6123  ,9357949,SG,,CS,69132,563052100,1.28893972324,103.757691317,0.874556,1.68084,4.82409,275.974,4.53785605519,259.997,2023-07-24 21:53:25,False
MONTE TAMARO,9V6123  ,9357949,SG,,CS,69132,563052100,1.28892717406,103.757527361,1.08033,2.08073,4.74904,271.606,4.53785605519,259.997,2023-07-24 21:53:35,False
MONTE TAMARO,9V6123  ,9357949,SG,,CS,69132,563052100,1.28892719798,103.757457004,1.18322,2.29382,4.7281,270.486,4.53785605519,259.997,2023-07-24 21:53:45,False
MONTE TAMARO,9V6123  ,9357949,SG,,CS,69132,563052100,1.28894015777,103.757317309,1.18322,2.27438,4.7281,270.49,4.53785605519,259.997,2023-07-24 21:53:55,False
MONTE TAMARO,9V6123  ,9357949,SG,,CS,69132,563052100,1.28891957834,103.7572126,1.33756,2.56852,4.66527,267.397,4.53785605519,259.997,2023-07-24 21:54:05,False
MONTE TAMARO,9V6123  ,9357949,SG,,CS,69132,563052100,1.28891402672,103.757127677,1.33756,2.56852,4.66527,267.397,4.53785605519,259.997,2023-07-24 21:54:15,False
MONTE TAMARO,9V6123  ,9357949,SG,,CS,69132,563052100,1.2888986515,103.756907,1.44044,2.96237,4.63385,265.861,4.53785605519,259.997,2023-07-24 21:54:25,False
MONTE TAMARO,9V6123  ,9357949,SG,,CS,69132,563052100,1.28888672171,103.756776133,1.64622,3.1979,4.63036,265.468,4.53785605519,259.997,2023-07-24 21:54:35,False
MONTE TAMARO,9V6123  ,9357949,SG,,CS,69132,563052100,1.28886179479,103.756549885,1.74911,3.39483,4.62163,265.073,4.52040276267,258.997,2023-07-24 21:54:45,False
MONTE TAMARO,9V6123  ,9357949,SG,,CS,69132,563052100,1.28885176016,103.756440323,1.74911,3.39483,4.62163,265.073,4.52040276267,258.997,2023-07-24 21:54:55,False
MONTE TAMARO,9V6123  ,9357949,SG,,CS,69132,563052100,1.28882608039,103.756216172,1.90344,3.69647,4.5972,263.66,4.53785605519,259.997,2023-07-24 21:55:05,False
MONTE TAMARO,9V6123  ,9357949,SG,,CS,69132,563052100,1.28880613505,103.756064579,1.95489,3.79747,4.59371,263.239,4.53785605519,259.997,2023-07-24 21:55:15,False
MONTE TAMARO,9V6123  ,9357949,SG,,CS,69132,563052100,1.28878929779,103.755894954,2.05778,3.98445,4.61116,264.401,4.52040276267,258.997,2023-07-24 21:55:25,False
MONTE TAMARO,9V6123  ,9357949,SG,,CS,69132,563052100,1.28875660107,103.755608089,2.16067,4.19389,4.62687,265.214,4.52040276267,258.997,2023-07-24 21:55:35,False
MONTE TAMARO,9V6123  ,9357949,SG,,CS,69132,563052100,1.28874548085,103.755459225,2.16067,4.28775,4.62687,265.84,4.52040276267,257.997,2023-07-24 21:55:45,False
MONTE TAMARO,9V6123  ,9357949,SG,,CS,69132,563052100,1.28871783253,103.755143912,2.26356,4.36531,4.63734,265.914,4.46804288511,255.998,2023-07-24 21:55:55,False
MONTE TAMARO,9V6123  ,9357949,SG,,CS,69132,563052100,1.28870298958,103.754991038,2.36644,4.56865,4.61465,264.629,4.45058959259,254.998,2023-07-24 21:56:05,False
MONTE TAMARO,9V6123  ,9357949,SG,,CS,69132,563052100,1.2886832387,103.754845632,2.41789,4.66057,4.58673,263.053,4.43313630007,253.998,2023-07-24 21:56:15,False
MONTE TAMARO,9V6123  ,9357949,SG,,CS,69132,563052100,1.2886302045,103.754494326,2.46933,4.75587,4.56229,261.539,4.43313630007,253.998,2023-07-24 21:56:25,False
MONTE TAMARO,9V6123  ,9357949,SG,,CS,69132,563052100,1.28860468359,103.754330124,2.46933,4.85487,4.56229,261.481,4.43313630007,253.998,2023-07-24 21:56:35,False
MONTE TAMARO,9V6123  ,9357949,SG,,CS,69132,563052100,1.28858049873,103.754173064,2.52078,4.85487,4.56229,261.481,4.41568300755,252.999,2023-07-24 21:56:45,False
MONTE TAMARO,9V6123  ,9357949,SG,,CS,69132,563052100,1.2885017331,103.753815178,2.62367,5.06195,4.54833,260.719,4.36332312999,249.999,2023-07-24 21:56:55,False
MONTE TAMARO,9V6123  ,9357949,SG,,CS,69132,563052100,1.28844012326,103.753465268,2.62367,5.04277,4.54833,260.683,4.36332312999,249.999,2023-07-24 21:57:05,False
MONTE TAMARO,9V6123  ,9357949,SG,,CS,69132,563052100,1.28839584825,103.753301839,2.62367,5.2685,4.54833,258.939,4.36332312999,249.999,2023-07-24 21:57:15,False
MONTE TAMARO,9V6123  ,9357949,SG,,CS,69132,563052100,1.28834568621,103.75311993,2.778,5.35743,4.49248,257.426,4.25860337487,243.995,2023-07-24 21:57:25,False
MONTE TAMARO,9V6123  ,9357949,SG,,CS,69132,563052100,1.28824567316,103.752749708,2.82944,5.44998,4.46804,255.964,4.22369678983,241.996,2023-07-24 21:57:35,False
MONTE TAMARO,9V6123  ,9357949,SG,,CS,69132,563052100,1.28819475928,103.752596344,2.82944,5.45234,4.43837,254.279,4.18879020479,239.996,2023-07-24 21:57:45,False
MONTE TAMARO,9V6123  ,9357949,SG,,CS,69132,563052100,1.28814551396,103.752426922,2.82944,5.45234,4.43837,254.279,4.18879020479,239.996,2023-07-24 21:57:55,False
MONTE TAMARO,9V6123  ,9357949,SG,,CS,69132,563052100,1.28804581749,103.752138173,2.88089,5.55736,4.37554,250.805,4.11897703471,235.997,2023-07-24 21:58:05,False
MONTE TAMARO,9V6123  ,9357949,SG,,CS,69132,563052100,1.2879480715,103.75193024,2.93233,5.6494,4.34063,248.821,4.08407044967,233.998,2023-07-24 21:58:15,False
MONTE TAMARO,9V6123  ,9357949,SG,,CS,69132,563052100,1.28780115012,103.751592864,2.93233,5.63879,4.29002,245.997,4.04916386463,231.998,2023-07-24 21:58:25,False
MONTE TAMARO,9V6123  ,9357949,SG,,CS,69132,563052100,1.28769797354,103.751408808,2.93233,5.63316,4.24115,243.347,4.03171057211,230.999,2023-07-24 21:58:35,False
MONTE TAMARO,9V6123  ,9357949,SG,,CS,69132,563052100,1.28761508641,103.751247714,2.93233,5.61579,4.24115,243.258,4.03171057211,230.999,2023-07-24 21:58:45,False
MONTE TAMARO,9V6123  ,9357949,SG,,CS,69132,563052100,1.2873863417,103.750910938,2.98378,5.71057,4.1661,239.07,3.99680398707,228.999,2023-07-24 21:58:55,False
MONTE TAMARO,9V6123  ,9357949,SG,,CS,69132,563052100,1.28728992235,103.750753521,2.98378,5.71057,4.13643,239.07,3.97935069455,227.999,2023-07-24 21:59:05,False
MONTE TAMARO,9V6123  ,9357949,SG,,CS,69132,563052100,1.28708435366,103.750461434,3.03522,5.801,4.11723,236.203,3.96189740203,227.0,2023-07-24 21:59:15,False
MONTE TAMARO,9V6123  ,9357949,SG,,CS,69132,563052100,1.28694341227,103.7502647,3.03522,5.81258,4.11723,235.353,3.96189740203,227.0,2023-07-24 21:59:25,False
MONTE TAMARO,9V6123  ,9357949,SG,,CS,69132,563052100,1.28683384701,103.750109267,3.08667,5.81258,4.09803,235.353,3.90953752447,223.995,2023-07-24 21:59:35,False
MONTE TAMARO,9V6123  ,9357949,SG,,CS,69132,563052100,1.28657323951,103.749767789,3.13811,6.02987,4.07185,233.389,3.89208423195,222.995,2023-07-24 21:59:45,False
MONTE TAMARO,9V6123  ,9357949,SG,,CS,69132,563052100,1.28642908693,103.749606198,3.13811,6.08675,4.04044,231.483,3.87463093943,221.995,2023-07-24 21:59:55,False
MONTE TAMARO,9V6123  ,9357949,SG,,CS,69132,563052100,1.28619504697,103.749313032,3.13811,6.06856,4.03695,231.111,3.83972435439,219.996,2023-07-24 22:00:05,False
MONTE TAMARO,9V6123  ,9357949,SG,,CS,69132,563052100,1.28607217073,103.749173088,3.13811,6.06296,4.02298,230.594,3.80481776935,217.996,2023-07-24 22:00:15,False
MONTE TAMARO,9V6123  ,9357949,SG,,CS,69132,563052100,1.28580005988,103.748887523,3.13811,6.06844,3.97411,227.726,3.78736447683,216.996,2023-07-24 22:00:25,False
MONTE TAMARO,9V6123  ,9357949,SG,,CS,69132,563052100,1.28562994462,103.748732892,3.18956,6.17191,3.93572,225.638,3.76991118431,215.997,2023-07-24 22:00:35,False
MONTE TAMARO,9V6123  ,9357949,SG,,CS,69132,563052100,1.28546582123,103.748567906,3.18956,6.1994,3.93572,225.635,3.76991118431,215.997,2023-07-24 22:00:45,False
MONTE TAMARO,9V6123  ,9357949,SG,,CS,69132,563052100,1.28516658361,103.748276735,3.18956,6.24026,3.92699,225.0,3.70009801423,211.998,2023-07-24 22:00:55,False
MONTE TAMARO,9V6123  ,9357949,SG,,CS,69132,563052100,1.28502839301,103.748159606,3.18956,6.2716,3.89034,222.99,3.68264472171,210.998,2023-07-24 22:01:05,False
MONTE TAMARO,9V6123  ,9357949,SG,,CS,69132,563052100,1.28471643126,103.747926902,3.18956,6.30837,3.8118,218.494,3.66519142919,209.998,2023-07-24 22:01:15,False
MONTE TAMARO,9V6123  ,9357949,SG,,CS,69132,563052100,1.28454862508,103.747818417,3.18956,6.31367,3.78736,217.117,3.66519142919,209.998,2023-07-24 22:01:25,False
MONTE TAMARO,9V6123  ,9357949,SG,,CS,69132,563052100,1.28438474953,103.747695831,3.241,6.30195,3.79435,216.976,3.64773813667,208.998,2023-07-24 22:01:35,False
MONTE TAMARO,9V6123  ,9357949,SG,,CS,69132,563052100,1.2840285512,103.747413604,3.241,6.3799,3.79609,217.324,3.63028484415,207.999,2023-07-24 22:01:45,False
MONTE TAMARO,9V6123  ,9357949,SG,,CS,69132,563052100,1.28385441079,103.747285333,3.241,6.46532,3.79609,217.18,3.63028484415,207.999,2023-07-24 22:01:55,False
MONTE TAMARO,9V6123  ,9357949,SG,,CS,69132,563052100,1.28347847393,103.747010706,3.34389,6.54302,3.78562,216.666,3.57792496659,204.999,2023-07-24 22:02:05,False
MONTE TAMARO,9V6123  ,9357949,SG,,CS,69132,563052100,1.28330697264,103.746899001,3.39533,6.62991,3.76642,215.694,3.54301838155,203.0,2023-07-24 22:02:15,False
MONTE TAMARO,9V6123  ,9357949,SG,,CS,69132,563052100,1.28313245046,103.746776205,3.39533,6.61858,3.76642,215.557,3.54301838155,203.0,2023-07-24 22:02:25,False
MONTE TAMARO,9V6123  ,9357949,SG,,CS,69132,563052100,1.28269445952,103.746516612,3.39533,6.79982,3.76642,212.509,3.54301838155,203.0,2023-07-24 22:02:35,False
MONTE TAMARO,9V6123  ,9357949,SG,,CS,69132,563052100,1.28249714889,103.746408497,3.54967,6.8941,3.67915,210.687,3.42084533391,195.996,2023-07-24 22:02:45,False
MONTE TAMARO,9V6123  ,9357949,SG,,CS,69132,563052100,1.28210279722,103.746197927,3.54967,6.85549,3.64425,208.818,3.36848545635,192.997,2023-07-24 22:02:55,False
MONTE TAMARO,9V6123  ,9357949,SG,,CS,69132,563052100,1.2818207132,103.746081383,3.60111,6.95465,3.61283,206.923,3.33357887131,190.997,2023-07-24 22:03:05,False
MONTE TAMARO,9V6123  ,9357949,SG,,CS,69132,563052100,1.28161835115,103.745980736,3.60111,6.94587,3.61283,206.78,3.33357887131,190.997,2023-07-24 22:03:15,False
MONTE TAMARO,9V6123  ,9357949,SG,,CS,69132,563052100,1.28118763867,103.745832082,3.65256,7.06408,3.52731,201.977,3.24631240871,185.999,2023-07-24 22:03:25,False
MONTE TAMARO,9V6123  ,9357949,SG,,CS,69132,563052100,1.28095830484,103.745762209,3.65256,7.10142,3.48717,199.675,3.21140582367,183.999,2023-07-24 22:03:35,False
MONTE TAMARO,9V6123  ,9357949,SG,,CS,69132,563052100,1.28049778832,103.745629728,3.65256,7.11301,3.44703,197.494,3.15904594611,181.0,2023-07-24 22:03:45,False
MONTE TAMARO,9V6123  ,9357949,SG,,CS,69132,563052100,1.28023445177,103.745568123,3.704,7.19112,3.40688,195.201,3.12413936107,178.995,2023-07-24 22:03:55,False
MONTE TAMARO,9V6123  ,9357949,SG,,CS,69132,563052100,1.28000788884,103.745524653,3.704,7.17584,3.40688,193.472,3.12413936107,178.995,2023-07-24 22:04:05,False
MONTE TAMARO,9V6123  ,9357949,SG,,CS,69132,563052100,1.27962036662,103.745458621,3.704,7.10248,3.32311,190.726,3.03687289847,173.996,2023-07-24 22:04:15,False
MONTE TAMARO,9V6123  ,9357949,SG,,CS,69132,563052100,1.27939431487,103.745416204,3.704,7.06068,3.28122,190.629,2.98451302091,170.997,2023-07-24 22:04:25,False
MONTE TAMARO,9V6123  ,9357949,SG,,CS,69132,563052100,1.27889483547,103.745397718,3.704,7.07338,3.23759,185.836,2.93215314335,167.997,2023-07-24 22:04:35,False
MONTE TAMARO,9V6123  ,9357949,SG,,CS,69132,563052100,1.27865591284,103.745413777,3.75544,7.20493,3.1957,183.403,2.89724655831,165.998,2023-07-24 22:04:45,False
MONTE TAMARO,9V6123  ,9357949,SG,,CS,69132,563052100,1.2784125137,103.745403643,3.75544,7.28037,3.1957,183.061,2.89724655831,165.998,2023-07-24 22:04:55,False
MONTE TAMARO,9V6123  ,9357949,SG,,CS,69132,563052100,1.27790658333,103.745453162,3.75544,7.38868,3.11716,178.643,2.80998009571,160.999,2023-07-24 22:05:05,False
MONTE TAMARO,9V6123  ,9357949,SG,,CS,69132,563052100,1.27763074218,103.745471223,3.75544,7.38871,3.06305,175.624,2.75762021815,158.0,2023-07-24 22:05:15,False
MONTE TAMARO,9V6123  ,9357949,SG,,CS,69132,563052100,1.27715199059,103.745530867,3.75544,7.28151,3.01942,173.254,2.72271363311,155.995,2023-07-24 22:05:25,False
MONTE TAMARO,9V6123  ,9357949,SG,,CS,69132,563052100,1.2769260099,103.745579286,3.75544,7.26699,2.97404,170.764,2.67035375555,152.996,2023-07-24 22:05:35,False
MONTE TAMARO,9V6123  ,9357949,SG,,CS,69132,563052100,1.27646357805,103.74569092,3.75544,7.26345,2.92168,167.638,2.61799387799,149.996,2023-07-24 22:05:45,False
MONTE TAMARO,9V6123  ,9357949,SG,,CS,69132,563052100,1.2762340263,103.745772903,3.75544,7.25994,2.8571,163.991,2.60054058547,148.997,2023-07-24 22:05:55,False
MONTE TAMARO,9V6123  ,9357949,SG,,CS,69132,563052100,1.27594230074,103.745883863,3.75544,7.25343,2.81347,161.565,2.56563400043,146.997,2023-07-24 22:06:05,False
MONTE TAMARO,9V6123  ,9357949,SG,,CS,69132,563052100,1.27549611642,103.746064061,3.75544,7.27123,2.77682,159.336,2.53072741539,144.998,2023-07-24 22:06:15,False
MONTE TAMARO,9V6123  ,9357949,SG,,CS,69132,563052100,1.27526741109,103.746165656,3.75544,7.28073,2.75238,157.886,2.49582083035,142.998,2023-07-24 22:06:25,False
MONTE TAMARO,9V6123  ,9357949,SG,,CS,69132,563052100,1.27482184127,103.746377645,3.80689,7.37171,2.72446,156.206,2.44346095279,139.999,2023-07-24 22:06:35,False
MONTE TAMARO,9V6123  ,9357949,SG,,CS,69132,563052100,1.27461292872,103.746531852,3.80689,7.38049,2.67734,153.57,2.40855436775,137.999,2023-07-24 22:06:45,False
MONTE TAMARO,9V6123  ,9357949,SG,,CS,69132,563052100,1.27439647226,103.746645091,3.80689,7.37179,2.67734,153.367,2.40855436775,137.999,2023-07-24 22:06:55,False
MONTE TAMARO,9V6123  ,9357949,SG,,CS,69132,563052100,1.27395943968,103.746934877,3.75544,7.23113,2.61101,149.644,2.39110107523,137.0,2023-07-24 22:07:05,False
MONTE TAMARO,9V6123  ,9357949,SG,,CS,69132,563052100,1.27387575335,103.747068712,3.80689,7.33726,2.51153,144.162,2.35619449019,135.0,2023-07-24 22:07:15,False
MONTE TAMARO,9V6123  ,9357949,SG,,CS,69132,563052100,1.27365406988,103.747229948,3.80689,7.30578,2.51153,143.984,2.35619449019,135.0,2023-07-24 22:07:25,False
MONTE TAMARO,9V6123  ,9357949,SG,,CS,69132,563052100,1.27326275825,103.747588869,3.85833,7.4293,2.45044,140.521,2.35619449019,135.0,2023-07-24 22:07:35,False
MONTE TAMARO,9V6123  ,9357949,SG,,CS,69132,563052100,1.27288340116,103.747915725,3.90978,7.54395,2.43822,139.703,2.35619449019,135.0,2023-07-24 22:07:45,False
MONTE TAMARO,9V6123  ,9357949,SG,,CS,69132,563052100,1.27271768405,103.748079434,3.96122,7.64544,2.42077,138.814,2.33874119767,133.995,2023-07-24 22:07:55,False
MONTE TAMARO,9V6123  ,9357949,SG,,CS,69132,563052100,1.27248496084,103.748280718,4.01267,7.72597,2.41554,138.57,2.33874119767,133.995,2023-07-24 22:08:05,False
MONTE TAMARO,9V6123  ,9357949,SG,,CS,69132,563052100,1.27205747464,103.748657329,4.06411,7.79062,2.40681,138.034,2.33874119767,133.995,2023-07-24 22:08:15,False
MONTE TAMARO,9V6123  ,9357949,SG,,CS,69132,563052100,1.27186215369,103.748834999,4.11556,7.88341,2.39808,137.498,2.33874119767,133.995,2023-07-24 22:08:25,False
MONTE TAMARO,9V6123  ,9357949,SG,,CS,69132,563052100,1.27166680378,103.74900643,4.11556,7.99327,2.39808,137.464,2.33874119767,133.995,2023-07-24 22:08:35,False
MONTE TAMARO,9V6123  ,9357949,SG,,CS,69132,563052100,1.27128051204,103.749349555,4.167,8.08882,2.39808,137.337,2.33874119767,133.995,2023-07-24 22:08:45,False
MONTE TAMARO,9V6123  ,9357949,SG,,CS,69132,563052100,1.27108466923,103.749529682,4.21844,8.08882,2.38761,137.337,2.35619449019,135.0,2023-07-24 22:08:55,False
MONTE TAMARO,9V6123  ,9357949,SG,,CS,69132,563052100,1.27066253591,103.749920358,4.26989,8.18442,2.39459,137.214,2.33874119767,133.995,2023-07-24 22:09:05,False
MONTE TAMARO,9V6123  ,9357949,SG,,CS,69132,563052100,1.27042736269,103.750125038,4.32133,8.28621,2.41205,138.043,2.33874119767,133.995,2023-07-24 22:09:15,False
MONTE TAMARO,9V6123  ,9357949,SG,,CS,69132,563052100,1.27022531364,103.750305314,4.32133,8.28621,2.41205,138.043,2.33874119767,133.995,2023-07-24 22:09:25,False
MONTE TAMARO,9V6123  ,9357949,SG,,CS,69132,563052100,1.26981292927,103.750696788,4.37278,8.38813,2.38587,136.69,2.32128790515,132.995,2023-07-24 22:09:35,False
MONTE TAMARO,9V6123  ,9357949,SG,,CS,69132,563052100,1.26961228663,103.750884505,4.37278,8.38813,2.38587,136.69,2.32128790515,132.995,2023-07-24 22:09:45,False
MONTE TAMARO,9V6123  ,9357949,SG,,CS,69132,563052100,1.26920876041,103.751299776,4.42422,8.50847,2.36492,135.463,2.32128790515,132.995,2023-07-24 22:09:55,False
MONTE TAMARO,9V6123  ,9357949,SG,,CS,69132,563052100,1.26901949866,103.751493178,4.47567,8.61842,2.36492,135.457,2.32128790515,132.995,2023-07-24 22:10:05,False
MONTE TAMARO,9V6123  ,9357949,SG,,CS,69132,563052100,1.26881830937,103.75169232,4.47567,8.64591,2.36492,135.455,2.32128790515,132.995,2023-07-24 22:10:15,False
MONTE TAMARO,9V6123  ,9357949,SG,,CS,69132,563052100,1.26847529278,103.75201963,4.52711,8.74186,2.35794,135.0,2.32128790515,132.995,2023-07-24 22:10:25,False
MONTE TAMARO,9V6123  ,9357949,SG,,CS,69132,563052100,1.26821883507,103.752279846,4.52711,8.75561,2.35794,134.91,2.32128790515,132.995,2023-07-24 22:10:35,False
MONTE TAMARO,9V6123  ,9357949,SG,,CS,69132,563052100,1.2677953952,103.752707174,4.57856,8.92055,2.35794,135.088,2.32128790515,132.995,2023-07-24 22:10:45,False
MONTE TAMARO,9V6123  ,9357949,SG,,CS,69132,563052100,1.26760491172,103.752900593,4.57856,8.97553,2.35445,134.912,2.32128790515,132.995,2023-07-24 22:10:55,False
MONTE TAMARO,9V6123  ,9357949,SG,,CS,69132,563052100,1.26715300605,103.753359862,4.57856,9.08574,2.35445,134.567,2.32128790515,132.995,2023-07-24 22:11:05,False
MONTE TAMARO,9V6123  ,9357949,SG,,CS,69132,563052100,1.26693273249,103.753565708,4.63,9.08549,2.35445,134.913,2.32128790515,132.995,2023-07-24 22:11:15,False
MONTE TAMARO,9V6123  ,9357949,SG,,CS,69132,563052100,1.26669370444,103.753803152,4.63,9.058,2.35445,134.913,2.32128790515,132.995,2023-07-24 22:11:25,False
MONTE TAMARO,9V6123  ,9357949,SG,,CS,69132,563052100,1.26626889969,103.754222635,4.63,9.04441,2.35096,134.652,2.30383461263,131.995,2023-07-24 22:11:35,False
MONTE TAMARO,9V6123  ,9357949,SG,,CS,69132,563052100,1.26626889969,103.754222635,4.63,9.04441,2.35096,134.652,2.30383461263,131.995,2023-07-24 22:11:45,False
MONTE TAMARO,9V6123  ,9357949,SG,,CS,69132,563052100,1.26564171095,103.754872049,4.68144,9.09989,2.34398,134.308,2.32128790515,132.995,2023-07-24 22:11:55,False
MONTE TAMARO,9V6123  ,9357949,SG,,CS,69132,563052100,1.2654045858,103.755110317,4.68144,9.0996,2.34747,134.481,2.32128790515,132.995,2023-07-24 22:12:05,False
MONTE TAMARO,9V6123  ,9357949,SG,,CS,69132,563052100,1.26519738541,103.755317127,4.68144,9.0996,2.34747,134.481,2.32128790515,131.995,2023-07-24 22:12:15,False
MONTE TAMARO,9V6123  ,9357949,SG,,CS,69132,563052100,1.26477759493,103.755761881,4.68144,9.10072,2.33874,133.962,2.32128790515,132.995,2023-07-24 22:12:25,False
MONTE TAMARO,9V6123  ,9357949,SG,,CS,69132,563052100,1.26458625699,103.755960854,4.73289,9.21021,2.34223,134.145,2.32128790515,132.995,2023-07-24 22:12:35,False
MONTE TAMARO,9V6123  ,9357949,SG,,CS,69132,563052100,1.26408688138,103.756470534,4.73289,9.48552,2.34223,134.004,2.32128790515,132.995,2023-07-24 22:12:45,False
MONTE TAMARO,9V6123  ,9357949,SG,,CS,69132,563052100,1.26386121629,103.756707381,4.93867,9.59657,2.33525,133.687,2.32128790515,132.995,2023-07-24 22:12:55,False
MONTE TAMARO,9V6123  ,9357949,SG,,CS,69132,563052100,1.26341043152,103.757192446,5.04156,9.74642,2.34049,134.111,2.32128790515,132.995,2023-07-24 22:13:05,False
MONTE TAMARO,9V6123  ,9357949,SG,,CS,69132,563052100,1.26316047665,103.757457477,5.04156,9.84334,2.34049,133.88,2.32128790515,132.995,2023-07-24 22:13:15,False
MONTE TAMARO,9V6123  ,9357949,SG,,CS,69132,563052100,1.2630139671,103.75758046,5.19589,10.0229,2.33351,133.664,2.32128790515,132.995,2023-07-24 22:13:25,False
MONTE TAMARO,9V6123  ,9357949,SG,,CS,69132,563052100,1.26247074552,103.758116193,5.24733,10.1592,2.33874,133.992,2.32128790515,132.995,2023-07-24 22:13:35,False
MONTE TAMARO,9V6123  ,9357949,SG,,CS,69132,563052100,1.26223459185,103.7583698,5.35022,10.3399,2.33001,133.477,2.32128790515,132.995,2023-07-24 22:13:45,False
MONTE TAMARO,9V6123  ,9357949,SG,,CS,69132,563052100,1.26202805559,103.75860382,5.40167,10.4358,2.33176,133.566,2.32128790515,132.995,2023-07-24 22:13:55,False
MONTE TAMARO,9V6123  ,9357949,SG,,CS,69132,563052100,1.26152344233,103.759141069,5.45311,10.5472,2.32652,133.282,2.32128790515,132.995,2023-07-24 22:14:05,False
MONTE TAMARO,9V6123  ,9357949,SG,,CS,69132,563052100,1.26128598438,103.759391446,5.45311,10.5605,2.32652,133.359,2.32128790515,132.995,2023-07-24 22:14:15,False
MONTE TAMARO,9V6123  ,9357949,SG,,CS,69132,563052100,1.26079878109,103.759917542,5.60744,10.8361,2.32478,133.255,2.32128790515,132.995,2023-07-24 22:14:25,False
MONTE TAMARO,9V6123  ,9357949,SG,,CS,69132,563052100,1.260499269,103.760233907,5.65889,10.9727,2.32827,133.421,2.32128790515,132.995,2023-07-24 22:14:35,False
MONTE TAMARO,9V6123  ,9357949,SG,,CS,69132,563052100,1.26028907825,103.760454343,5.65889,10.9727,2.32827,133.421,2.32128790515,132.995,2023-07-24 22:14:45,False
MONTE TAMARO,9V6123  ,9357949,SG,,CS,69132,563052100,1.25975182296,103.761032474,5.71033,11.1554,2.32303,132.811,2.32128790515,132.995,2023-07-24 22:14:55,False
MONTE TAMARO,9V6123  ,9357949,SG,,CS,69132,563052100,1.25950312712,103.761301428,5.71033,11.1686,2.32303,132.884,2.32128790515,132.995,2023-07-24 22:15:05,False
MONTE TAMARO,9V6123  ,9357949,SG,,CS,69132,563052100,1.2589400136,103.761880753,5.81322,11.22,2.33001,133.456,2.32128790515,132.995,2023-07-24 22:15:15,False
MONTE TAMARO,9V6123  ,9357949,SG,,CS,69132,563052100,1.25867596246,103.762159727,5.81322,11.3449,2.33001,133.264,2.32128790515,132.995,2023-07-24 22:15:25,False
MONTE TAMARO,9V6123  ,9357949,SG,,CS,69132,563052100,1.2584207372,103.762431102,5.86467,11.3724,2.32652,133.268,2.32128790515,132.995,2023-07-24 22:15:35,False
MONTE TAMARO,9V6123  ,9357949,SG,,CS,69132,563052100,1.2578604476,103.76301885,5.91611,11.578,2.31954,133.367,2.32128790515,132.995,2023-07-24 22:15:45,False
MONTE TAMARO,9V6123  ,9357949,SG,,CS,69132,563052100,1.25758718871,103.763296692,5.96756,11.6169,2.337,133.847,2.30383461263,131.995,2023-07-24 22:15:55,False
MONTE TAMARO,9V6123  ,9357949,SG,,CS,69132,563052100,1.25707300998,103.76384497,5.96756,11.5922,2.32652,133.301,2.32128790515,132.995,2023-07-24 22:16:05,False
MONTE TAMARO,9V6123  ,9357949,SG,,CS,69132,563052100,1.25678348628,103.76417074,6.019,11.6938,2.31256,132.575,2.33874119767,133.995,2023-07-24 22:16:15,False
MONTE TAMARO,9V6123  ,9357949,SG,,CS,69132,563052100,1.25640053945,103.764583435,6.019,11.7081,2.31256,132.51,2.33874119767,133.995,2023-07-24 22:16:25,False
MONTE TAMARO,9V6123  ,9357949,SG,,CS,69132,563052100,1.25613545038,103.764865849,6.019,11.7872,2.31256,132.928,2.33874119767,133.995,2023-07-24 22:16:35,False
MONTE TAMARO,9V6123  ,9357949,SG,,CS,69132,563052100,1.25579538812,103.765218997,6.07044,11.7933,2.35445,134.866,2.42600766027,138.999,2023-07-24 22:16:45,False
MONTE TAMARO,9V6123  ,9357949,SG,,CS,69132,563052100,1.25521571995,103.765737363,6.07044,11.7917,2.40506,137.606,2.42600766027,138.999,2023-07-24 22:16:55,False
MONTE TAMARO,9V6123  ,9357949,SG,,CS,69132,563052100,1.25491456451,103.765990584,6.12189,11.8811,2.41554,138.25,2.42600766027,138.999,2023-07-24 22:17:05,False
MONTE TAMARO,9V6123  ,9357949,SG,,CS,69132,563052100,1.25428615426,103.766513935,6.12189,11.8622,2.42775,138.92,2.42600766027,138.999,2023-07-24 22:17:15,False
MONTE TAMARO,9V6123  ,9357949,SG,,CS,69132,563052100,1.25402267212,103.766721614,6.12189,11.8598,2.43997,139.653,2.42600766027,138.999,2023-07-24 22:17:25,False
MONTE TAMARO,9V6123  ,9357949,SG,,CS,69132,563052100,1.25372927269,103.766965376,6.12189,11.8621,2.43997,139.786,2.42600766027,138.999,2023-07-24 22:17:35,False
MONTE TAMARO,9V6123  ,9357949,SG,,CS,69132,563052100,1.25306169635,103.767502539,6.17333,11.9813,2.4487,140.266,2.42600766027,138.999,2023-07-24 22:17:45,False
MONTE TAMARO,9V6123  ,9357949,SG,,CS,69132,563052100,1.25275396875,103.767753189,6.17333,11.9864,2.45219,140.528,2.44346095279,139.999,2023-07-24 22:17:55,False
MONTE TAMARO,9V6123  ,9357949,SG,,CS,69132,563052100,1.25240502916,103.768038254,6.17333,11.9864,2.45219,140.528,2.44346095279,139.999,2023-07-24 22:18:05,False
MONTE TAMARO,9V6123  ,9357949,SG,,CS,69132,563052100,1.25177448708,103.76853922,6.22478,12.0796,2.46091,141.009,2.44346095279,139.999,2023-07-24 22:18:15,False
MONTE TAMARO,9V6123  ,9357949,SG,,CS,69132,563052100,1.25147122797,103.76878256,6.22478,12.0796,2.46091,141.009,2.44346095279,139.999,2023-07-24 22:18:25,False
MONTE TAMARO,9V6123  ,9357949,SG,,CS,69132,563052100,1.25084673073,103.769274523,6.22478,12.1128,2.4644,141.254,2.44346095279,139.999,2023-07-24 22:18:35,False
MONTE TAMARO,9V6123  ,9357949,SG,,CS,69132,563052100,1.25053507498,103.769523259,6.27622,12.1128,2.46964,141.254,2.44346095279,139.999,2023-07-24 22:18:45,False
MONTE TAMARO,9V6123  ,9357949,SG,,CS,69132,563052100,1.24981950429,103.770091652,6.27622,12.1977,2.4679,141.34,2.44346095279,139.999,2023-07-24 22:18:55,False
MONTE TAMARO,9V6123  ,9357949,SG,,CS,69132,563052100,1.24950519464,103.770344284,6.27622,12.2008,2.46964,141.468,2.44346095279,139.999,2023-07-24 22:19:05,False
MONTE TAMARO,9V6123  ,9357949,SG,,CS,69132,563052100,1.24919858142,103.770585316,6.27622,12.2008,2.46964,141.468,2.44346095279,139.999,2023-07-24 22:19:15,False
MONTE TAMARO,9V6123  ,9357949,SG,,CS,69132,563052100,1.24856486596,103.771085597,6.27622,12.2039,2.47139,141.597,2.44346095279,139.999,2023-07-24 22:19:25,False
MONTE TAMARO,9V6123  ,9357949,SG,,CS,69132,563052100,1.24824981754,103.771334772,6.27622,12.2039,2.47139,141.597,2.44346095279,139.999,2023-07-24 22:19:35,False
MONTE TAMARO,9V6123  ,9357949,SG,,CS,69132,563052100,1.24771909731,103.771771898,6.27622,12.2107,2.46615,140.685,2.44346095279,139.999,2023-07-24 22:19:45,False
MONTE TAMARO,9V6123  ,9357949,SG,,CS,69132,563052100,1.24735274736,103.772044064,6.27622,12.2012,2.45742,140.884,2.49582083035,142.998,2023-07-24 22:19:55,False
MONTE TAMARO,9V6123  ,9357949,SG,,CS,69132,563052100,1.24704249331,103.77229222,6.27622,12.1889,2.45742,140.955,2.49582083035,142.998,2023-07-24 22:20:05,False
MONTE TAMARO,9V6123  ,9357949,SG,,CS,69132,563052100,1.2464097567,103.772756261,6.27622,12.1233,2.47837,142.23,2.49582083035,142.998,2023-07-24 22:20:15,False
MONTE TAMARO,9V6123  ,9357949,SG,,CS,69132,563052100,1.24606634283,103.772964221,6.27622,12.078,2.47837,144.366,2.49582083035,143.998,2023-07-24 22:20:25,False
MONTE TAMARO,9V6123  ,9357949,SG,,CS,69132,563052100,1.24542522249,103.77342455,6.27622,12.2364,2.51851,144.113,2.51327412287,143.998,2023-07-24 22:20:35,False
MONTE TAMARO,9V6123  ,9357949,SG,,CS,69132,563052100,1.24512060317,103.773606519,6.07044,11.8505,2.54818,145.763,2.51327412287,143.998,2023-07-24 22:20:45,False
MONTE TAMARO,9V6123  ,9357949,SG,,CS,69132,563052100,1.24480170391,103.773819577,6.07044,11.8396,2.54818,145.84,2.51327412287,143.998,2023-07-24 22:20:55,False
MONTE TAMARO,9V6123  ,9357949,SG,,CS,69132,563052100,1.24408337285,103.774295649,5.91611,11.6508,2.5604,146.708,2.53072741539,144.998,2023-07-24 22:21:05,False
MONTE TAMARO,9V6123  ,9357949,SG,,CS,69132,563052100,1.24376561696,103.774499467,5.91611,11.5645,2.5604,146.657,2.53072741539,144.998,2023-07-24 22:21:15,False
MONTE TAMARO,9V6123  ,9357949,SG,,CS,69132,563052100,1.24314385351,103.774895529,5.81322,11.3817,2.56563,146.988,2.53072741539,144.998,2023-07-24 22:21:25,False
MONTE TAMARO,9V6123  ,9357949,SG,,CS,69132,563052100,1.24281181267,103.775111982,5.71033,11.2416,2.56738,146.997,2.53072741539,144.998,2023-07-24 22:21:35,False
MONTE TAMARO,9V6123  ,9357949,SG,,CS,69132,563052100,1.2421966597,103.775511115,5.71033,11.1609,2.56738,147.085,2.53072741539,144.998,2023-07-24 22:21:45,False
MONTE TAMARO,9V6123  ,9357949,SG,,CS,69132,563052100,1.2418521132,103.775729604,5.65889,11.0803,2.56738,147.174,2.51327412287,143.998,2023-07-24 22:21:55,False
MONTE TAMARO,9V6123  ,9357949,SG,,CS,69132,563052100,1.24151285916,103.775952042,5.60744,10.9833,2.56738,147.21,2.51327412287,143.998,2023-07-24 22:22:05,False
MONTE TAMARO,9V6123  ,9357949,SG,,CS,69132,563052100,1.24084637477,103.776375683,5.60744,11.0966,2.56738,147.229,2.51327412287,143.998,2023-07-24 22:22:15,False
MONTE TAMARO,9V6123  ,9357949,SG,,CS,69132,563052100,1.24062388866,103.776514772,5.50456,10.8327,2.56912,147.308,2.51327412287,143.998,2023-07-24 22:22:25,False
MONTE TAMARO,9V6123  ,9357949,SG,,CS,69132,563052100,1.24033653949,103.77669874,5.50456,10.8163,2.56912,147.252,2.51327412287,143.998,2023-07-24 22:22:35,False
MONTE TAMARO,9V6123  ,9357949,SG,,CS,69132,563052100,1.23984748075,103.777023337,5.40167,10.5995,2.55865,146.747,2.51327412287,143.998,2023-07-24 22:22:45,False
MONTE TAMARO,9V6123  ,9357949,SG,,CS,69132,563052100,1.23956267293,103.777209972,5.40167,10.5995,2.55865,146.747,2.51327412287,143.998,2023-07-24 22:22:55,False
MONTE TAMARO,9V6123  ,9357949,SG,,CS,69132,563052100,1.23893405753,103.777596591,5.35022,10.487,2.56738,147.105,2.53072741539,144.998,2023-07-24 22:23:05,False
MONTE TAMARO,9V6123  ,9357949,SG,,CS,69132,563052100,1.23865015705,103.777781064,5.35022,10.4765,2.56738,147.195,2.53072741539,144.998,2023-07-24 22:23:15,False
MONTE TAMARO,9V6123  ,9357949,SG,,CS,69132,563052100,1.23810291396,103.778148416,5.24733,10.2768,2.56738,147.122,2.53072741539,144.998,2023-07-24 22:23:25,False
MONTE TAMARO,9V6123  ,9357949,SG,,CS,69132,563052100,1.23778362282,103.778338365,5.24733,10.0934,2.56738,147.106,2.53072741539,144.998,2023-07-24 22:23:35,False
MONTE TAMARO,9V6123  ,9357949,SG,,CS,69132,563052100,1.23751051218,103.778515238,5.14444,10.0665,2.56738,147.138,2.51327412287,143.998,2023-07-24 22:23:45,False
MONTE TAMARO,9V6123  ,9357949,SG,,CS,69132,563052100,1.23700612819,103.778847538,5.14444,9.86114,2.56738,146.905,2.51327412287,143.998,2023-07-24 22:23:55,False
MONTE TAMARO,9V6123  ,9357949,SG,,CS,69132,563052100,1.23673950869,103.779020313,5.14444,9.86114,2.56738,146.905,2.51327412287,143.998,2023-07-24 22:24:05,False
MONTE TAMARO,9V6123  ,9357949,SG,,CS,69132,563052100,1.23608145373,103.779451235,4.99011,9.74787,2.56389,146.88,2.51327412287,143.998,2023-07-24 22:24:15,False
MONTE TAMARO,9V6123  ,9357949,SG,,CS,69132,563052100,1.23589877587,103.77957641,4.99011,9.53717,2.56389,146.472,2.51327412287,143.998,2023-07-24 22:24:25,False
MONTE TAMARO,9V6123  ,9357949,SG,,CS,69132,563052100,1.23564026817,103.779747211,4.88722,9.52097,2.55516,146.407,2.51327412287,143.998,2023-07-24 22:24:35,False
MONTE TAMARO,9V6123  ,9357949,SG,,CS,69132,563052100,1.23513729656,103.780061044,4.73289,9.27214,2.58832,148.109,2.49582083035,142.998,2023-07-24 22:24:45,False
MONTE TAMARO,9V6123  ,9357949,SG,,CS,69132,563052100,1.23487523815,103.780219411,4.68144,9.18976,2.58309,147.789,2.46091424531,140.999,2023-07-24 22:24:55,False
MONTE TAMARO,9V6123  ,9357949,SG,,CS,69132,563052100,1.2343892128,103.780552925,4.63,9.0575,2.54644,145.935,2.46091424531,140.999,2023-07-24 22:25:05,False
MONTE TAMARO,9V6123  ,9357949,SG,,CS,69132,563052100,1.23406653527,103.780772922,4.63,9.09541,2.54644,145.8,2.46091424531,140.999,2023-07-24 22:25:15,False
MONTE TAMARO,9V6123  ,9357949,SG,,CS,69132,563052100,1.23363207398,103.78111997,4.57856,8.93073,2.50804,143.853,2.44346095279,139.999,2023-07-24 22:25:25,False
MONTE TAMARO,9V6123  ,9357949,SG,,CS,69132,563052100,1.23347183753,103.781252243,4.57856,8.83682,2.50804,143.407,2.44346095279,139.999,2023-07-24 22:25:35,False
MONTE TAMARO,9V6123  ,9357949,SG,,CS,69132,563052100,1.23324614186,103.78143255,4.52711,8.82514,2.49058,142.878,2.44346095279,139.999,2023-07-24 22:25:45,False
MONTE TAMARO,9V6123  ,9357949,SG,,CS,69132,563052100,1.23279823441,103.781786955,4.42422,8.6234,2.48535,142.51,2.44346095279,139.999,2023-07-24 22:25:55,False
MONTE TAMARO,9V6123  ,9357949,SG,,CS,69132,563052100,1.23257647529,103.781962383,4.42422,8.61985,2.48011,142.329,2.44346095279,139.999,2023-07-24 22:26:05,False
MONTE TAMARO,9V6123  ,9357949,SG,,CS,69132,563052100,1.23235622186,103.782133537,4.42422,8.60447,2.48011,142.25,2.44346095279,139.999,2023-07-24 22:26:15,False
MONTE TAMARO,9V6123  ,9357949,SG,,CS,69132,563052100,1.23189684026,103.782508405,4.37278,8.51584,2.47488,141.953,2.44346095279,139.999,2023-07-24 22:26:25,False
MONTE TAMARO,9V6123  ,9357949,SG,,CS,69132,563052100,1.2316515584,103.782703743,4.32133,8.41866,2.47837,141.939,2.44346095279,139.999,2023-07-24 22:26:35,False
MONTE TAMARO,9V6123  ,9357949,SG,,CS,69132,563052100,1.23125419573,103.783019775,4.32133,8.39138,2.47837,141.962,2.44346095279,139.999,2023-07-24 22:26:45,False
MONTE TAMARO,9V6123  ,9357949,SG,,CS,69132,563052100,1.23104020377,103.7831867,4.32133,8.38809,2.47488,141.776,2.42600766027,138.999,2023-07-24 22:26:55,False
MONTE TAMARO,9V6123  ,9357949,SG,,CS,69132,563052100,1.23056204359,103.783560168,4.26989,8.28773,2.47139,141.571,2.42600766027,138.999,2023-07-24 22:27:05,False
MONTE TAMARO,9V6123  ,9357949,SG,,CS,69132,563052100,1.23030593183,103.783757608,4.26989,8.29983,2.47139,141.466,2.42600766027,138.999,2023-07-24 22:27:15,False
MONTE TAMARO,9V6123  ,9357949,SG,,CS,69132,563052100,1.23007738129,103.783944657,4.26989,8.29678,2.46615,141.277,2.44346095279,139.999,2023-07-24 22:27:25,False
MONTE TAMARO,9V6123  ,9357949,SG,,CS,69132,563052100,1.22968910408,103.78426204,4.21844,8.19964,2.46615,141.255,2.44346095279,139.999,2023-07-24 22:27:35,False
MONTE TAMARO,9V6123  ,9357949,SG,,CS,69132,563052100,1.22948312466,103.784432422,4.21844,8.21182,2.4644,141.15,2.44346095279,139.999,2023-07-24 22:27:45,False
MONTE TAMARO,9V6123  ,9357949,SG,,CS,69132,563052100,1.22927603011,103.784597842,4.21844,8.21182,2.4644,141.15,2.44346095279,139.999,2023-07-24 22:27:55,False
MONTE TAMARO,9V6123  ,9357949,SG,,CS,69132,563052100,1.22885715135,103.784928703,4.167,8.1025,2.4644,141.233,2.44346095279,139.999,2023-07-24 22:28:05,False
MONTE TAMARO,9V6123  ,9357949,SG,,CS,69132,563052100,1.22865069262,103.785092995,4.167,8.1025,2.46615,141.233,2.44346095279,139.999,2023-07-24 22:28:15,False
MONTE TAMARO,9V6123  ,9357949,SG,,CS,69132,563052100,1.22819539251,103.785448518,4.11556,8.02358,2.47139,141.492,2.44346095279,139.999,2023-07-24 22:28:25,False
MONTE TAMARO,9V6123  ,9357949,SG,,CS,69132,563052100,1.22803947207,103.785571998,4.11556,8.02674,2.47313,141.687,2.44346095279,139.999,2023-07-24 22:28:35,False
MONTE TAMARO,9V6123  ,9357949,SG,,CS,69132,563052100,1.22783530503,103.785732683,4.11556,8.01149,2.47313,141.601,2.44346095279,139.999,2023-07-24 22:28:45,False
MONTE TAMARO,9V6123  ,9357949,SG,,CS,69132,563052100,1.22742626453,103.786060701,4.11556,7.92958,2.4679,141.669,2.44346095279,139.999,2023-07-24 22:28:55,False
MONTE TAMARO,9V6123  ,9357949,SG,,CS,69132,563052100,1.22722419493,103.78621921,4.06411,7.92958,2.47313,141.669,2.44346095279,139.999,2023-07-24 22:29:05,False
MONTE TAMARO,9V6123  ,9357949,SG,,CS,69132,563052100,1.22678393036,103.786565199,4.06411,7.90887,2.48186,142.088,2.44346095279,139.999,2023-07-24 22:29:15,False
MONTE TAMARO,9V6123  ,9357949,SG,,CS,69132,563052100,1.2265800547,103.786726275,4.06411,7.89354,2.47837,142.001,2.42600766027,138.999,2023-07-24 22:29:25,False
MONTE TAMARO,9V6123  ,9357949,SG,,CS,69132,563052100,1.22635105773,103.786905435,4.06411,7.90552,2.47662,141.89,2.42600766027,138.999,2023-07-24 22:29:35,False
MONTE TAMARO,9V6123  ,9357949,SG,,CS,69132,563052100,1.2259737177,103.787203719,4.06411,7.90227,2.47313,141.692,2.42600766027,138.999,2023-07-24 22:29:45,False
MONTE TAMARO,9V6123  ,9357949,SG,,CS,69132,563052100,1.22577574586,103.787359604,4.06411,7.88391,2.47313,141.406,2.42600766027,138.999,2023-07-24 22:29:55,False
MONTE TAMARO,9V6123  ,9357949,SG,,CS,69132,563052100,1.22534002064,103.787707247,4.06411,7.80511,2.4679,141.674,2.44346095279,139.999,2023-07-24 22:30:05,False
MONTE TAMARO,9V6123  ,9357949,SG,,CS,69132,563052100,1.22513368521,103.787865536,4.01267,7.80835,2.47488,141.875,2.44346095279,139.999,2023-07-24 22:30:15,False
MONTE TAMARO,9V6123  ,9357949,SG,,CS,69132,563052100,1.22470574048,103.788206347,4.01267,7.79307,2.47313,141.787,2.42600766027,138.999,2023-07-24 22:30:25,False
MONTE TAMARO,9V6123  ,9357949,SG,,CS,69132,563052100,1.22447812536,103.788377453,4.01267,7.80511,2.47139,141.674,2.42600766027,138.999,2023-07-24 22:30:35,False
MONTE TAMARO,9V6123  ,9357949,SG,,CS,69132,563052100,1.22430938574,103.788507821,4.01267,7.80511,2.47139,141.674,2.42600766027,138.999,2023-07-24 22:30:45,False
MONTE TAMARO,9V6123  ,9357949,SG,,CS,69132,563052100,1.22387803611,103.788840616,4.01267,7.80511,2.47139,141.674,2.44346095279,139.999,2023-07-24 22:30:55,False
MONTE TAMARO,9V6123  ,9357949,SG,,CS,69132,563052100,1.22367741473,103.78900009,4.01267,7.80511,2.47313,141.674,2.44346095279,139.999,2023-07-24 22:31:05,False
MONTE TAMARO,9V6123  ,9357949,SG,,CS,69132,563052100,1.22323441201,103.789349938,4.01267,7.76256,2.47488,141.609,2.42600766027,138.999,2023-07-24 22:31:15,False
MONTE TAMARO,9V6123  ,9357949,SG,,CS,69132,563052100,1.22303550836,103.789509557,4.01267,7.68962,2.47139,141.363,2.44346095279,139.999,2023-07-24 22:31:25,False
MONTE TAMARO,9V6123  ,9357949,SG,,CS,69132,563052100,1.22285527017,103.789655434,4.01267,7.63498,2.4836,141.409,2.42600766027,138.999,2023-07-24 22:31:35,False
MONTE TAMARO,9V6123  ,9357949,SG,,CS,69132,563052100,1.2225162139,103.789898112,4.01267,7.68212,2.5028,143.333,2.40855436775,137.999,2023-07-24 22:31:45,False
MONTE TAMARO,9V6123  ,9357949,SG,,CS,69132,563052100,1.22228868673,103.790058578,4.01267,7.6402,2.51327,144.005,2.39110107523,137.0,2023-07-24 22:31:55,False
MONTE TAMARO,9V6123  ,9357949,SG,,CS,69132,563052100,1.22188436557,103.790360446,4.01267,7.74817,2.49931,143.159,2.37364778271,136.0,2023-07-24 22:32:05,False
MONTE TAMARO,9V6123  ,9357949,SG,,CS,69132,563052100,1.22167421544,103.790553377,4.01267,7.86575,2.4644,141.119,2.35619449019,135.0,2023-07-24 22:32:15,False
MONTE TAMARO,9V6123  ,9357949,SG,,CS,69132,563052100,1.22148201933,103.79071114,4.01267,7.79891,2.4644,141.273,2.35619449019,135.0,2023-07-24 22:32:25,False
MONTE TAMARO,9V6123  ,9357949,SG,,CS,69132,563052100,1.22108456114,103.791050817,4.06411,7.86976,2.4487,140.412,2.33874119767,133.995,2023-07-24 22:32:35,False
MONTE TAMARO,9V6123  ,9357949,SG,,CS,69132,563052100,1.22087709107,103.791229968,4.06411,7.89976,2.45219,140.592,2.30383461263,131.995,2023-07-24 22:32:45,False
MONTE TAMARO,9V6123  ,9357949,SG,,CS,69132,563052100,1.22043694988,103.791598369,4.06411,8.02909,2.45219,139.91,2.30383461263,131.995,2023-07-24 22:32:55,False
MONTE TAMARO,9V6123  ,9357949,SG,,CS,69132,563052100,1.22024901148,103.791797578,4.11556,8.0451,2.38412,136.86,2.26892802759,129.996,2023-07-24 22:33:05,False
MONTE TAMARO,9V6123  ,9357949,SG,,CS,69132,563052100,1.21986912883,103.792166514,4.11556,8.05578,2.36841,135.978,2.25147473507,128.996,2023-07-24 22:33:15,False
MONTE TAMARO,9V6123  ,9357949,SG,,CS,69132,563052100,1.21966824269,103.792345432,4.167,8.15278,2.37539,136.256,2.21656815003,126.996,2023-07-24 22:33:25,False
MONTE TAMARO,9V6123  ,9357949,SG,,CS,69132,563052100,1.21947972141,103.792547799,4.167,8.16456,2.35445,135.0,2.19911485751,125.997,2023-07-24 22:33:35,False
MONTE TAMARO,9V6123  ,9357949,SG,,CS,69132,563052100,1.21906498605,103.792995224,4.167,8.1834,2.31431,132.979,2.18166156499,124.997,2023-07-24 22:33:45,False
MONTE TAMARO,9V6123  ,9357949,SG,,CS,69132,563052100,1.21892740527,103.793168441,4.167,8.16378,2.31431,130.365,2.18166156499,124.997,2023-07-24 22:33:55,False
MONTE TAMARO,9V6123  ,9357949,SG,,CS,69132,563052100,1.21873467621,103.793398537,4.167,8.1512,2.31431,130.26,2.18166156499,124.997,2023-07-24 22:34:05,False
MONTE TAMARO,9V6123  ,9357949,SG,,CS,69132,563052100,1.21838136088,103.793855722,4.167,8.24302,2.31431,127.816,2.18166156499,123.997,2023-07-24 22:34:15,False
MONTE TAMARO,9V6123  ,9357949,SG,,CS,69132,563052100,1.21822334446,103.794074427,4.21844,8.24199,2.21133,127.14,2.16420827247,123.997,2023-07-24 22:34:25,False
MONTE TAMARO,9V6123  ,9357949,SG,,CS,69132,563052100,1.21791600204,103.794515579,4.26989,8.33193,2.19562,126.175,2.16420827247,123.997,2023-07-24 22:34:35,False
MONTE TAMARO,9V6123  ,9357949,SG,,CS,69132,563052100,1.2178087888,103.794683128,4.26989,8.31341,2.19039,125.771,2.16420827247,123.997,2023-07-24 22:34:45,False
MONTE TAMARO,9V6123  ,9357949,SG,,CS,69132,563052100,1.21763546771,103.794936668,4.32133,8.41956,2.18515,125.415,2.18166156499,124.997,2023-07-24 22:34:55,False
MONTE TAMARO,9V6123  ,9357949,SG,,CS,69132,563052100,1.21730243,103.79541087,4.32133,8.40831,2.1869,125.307,2.18166156499,124.997,2023-07-24 22:35:05,False
MONTE TAMARO,9V6123  ,9357949,SG,,CS,69132,563052100,1.21710753783,103.795683763,4.32133,8.50547,2.1869,125.325,2.18166156499,123.997,2023-07-24 22:35:15,False
MONTE TAMARO,9V6123  ,9357949,SG,,CS,69132,563052100,1.21680621379,103.796118892,4.37278,8.49896,2.18341,125.035,2.18166156499,124.997,2023-07-24 22:35:25,False
MONTE TAMARO,9V6123  ,9357949,SG,,CS,69132,563052100,1.21661994573,103.796393553,4.42422,8.58495,2.18341,124.95,2.18166156499,124.997,2023-07-24 22:35:35,False
MONTE TAMARO,9V6123  ,9357949,SG,,CS,69132,563052100,1.21630756044,103.796856979,4.42422,8.55311,2.18515,125.099,2.18166156499,124.997,2023-07-24 22:35:45,False
MONTE TAMARO,9V6123  ,9357949,SG,,CS,69132,563052100,1.21611995861,103.79712688,4.42422,8.56903,2.18515,125.024,2.18166156499,124.997,2023-07-24 22:35:55,False
MONTE TAMARO,9V6123  ,9357949,SG,,CS,69132,563052100,1.21598095608,103.797322336,4.47567,8.56903,2.18166,125.024,2.18166156499,124.997,2023-07-24 22:36:05,False
MONTE TAMARO,9V6123  ,9357949,SG,,CS,69132,563052100,1.21560710343,103.797856495,4.52711,8.77923,2.18166,124.992,2.16420827247,123.997,2023-07-24 22:36:15,False
MONTE TAMARO,9V6123  ,9357949,SG,,CS,69132,563052100,1.21546503608,103.798043304,4.52711,8.77923,2.18341,124.992,2.18166156499,124.997,2023-07-24 22:36:25,False
MONTE TAMARO,9V6123  ,9357949,SG,,CS,69132,563052100,1.21510646169,103.798555759,4.52711,8.79516,2.18166,124.919,2.18166156499,124.997,2023-07-24 22:36:35,False
MONTE TAMARO,9V6123  ,9357949,SG,,CS,69132,563052100,1.21496080109,103.798811075,4.57856,8.94644,2.18515,125.002,2.18166156499,124.997,2023-07-24 22:36:45,False
MONTE TAMARO,9V6123  ,9357949,SG,,CS,69132,563052100,1.21476503446,103.799096857,4.57856,9.00059,2.1869,125.063,2.18166156499,124.997,2023-07-24 22:36:55,False
MONTE TAMARO,9V6123  ,9357949,SG,,CS,69132,563052100,1.21442138046,103.799580763,4.57856,8.96879,2.18864,125.206,2.16420827247,123.997,2023-07-24 22:37:05,False
MONTE TAMARO,9V6123  ,9357949,SG,,CS,69132,563052100,1.21422704866,103.799854476,4.57856,9.07065,2.18864,125.052,2.16420827247,123.997,2023-07-24 22:37:15,False
MONTE TAMARO,9V6123  ,9357949,SG,,CS,69132,563052100,1.21387791891,103.800340892,4.63,8.96237,2.18166,124.931,2.18166156499,124.997,2023-07-24 22:37:25,False
MONTE TAMARO,9V6123  ,9357949,SG,,CS,69132,563052100,1.213706902,103.800576935,4.63,8.96879,2.18515,125.206,2.18166156499,124.997,2023-07-24 22:37:35,False
MONTE TAMARO,9V6123  ,9357949,SG,,CS,69132,563052100,1.21353963414,103.800813939,4.63,8.96879,2.18515,125.206,2.18166156499,124.997,2023-07-24 22:37:45,False
MONTE TAMARO,9V6123  ,9357949,SG,,CS,69132,563052100,1.21327789592,103.801175017,4.63,8.97831,2.18166,124.86,2.18166156499,124.997,2023-07-24 22:37:55,False
MONTE TAMARO,9V6123  ,9357949,SG,,CS,69132,563052100,1.21306531359,103.801467244,4.63,8.97351,2.18341,125.033,2.18166156499,124.997,2023-07-24 22:38:05,False
MONTE TAMARO,9V6123  ,9357949,SG,,CS,69132,563052100,1.21270557253,103.801968989,4.68144,9.03886,2.1869,125.194,2.18166156499,124.997,2023-07-24 22:38:15,False
MONTE TAMARO,9V6123  ,9357949,SG,,CS,69132,563052100,1.21252478805,103.802229605,4.78433,9.23316,2.1869,125.229,2.16420827247,123.997,2023-07-24 22:38:25,False
MONTE TAMARO,9V6123  ,9357949,SG,,CS,69132,563052100,1.21213708195,103.802768695,4.88722,9.41626,2.18515,125.166,2.18166156499,124.997,2023-07-24 22:38:35,False
MONTE TAMARO,9V6123  ,9357949,SG,,CS,69132,563052100,1.21199384428,103.802969963,4.88722,9.58347,2.18515,125.173,2.18166156499,124.997,2023-07-24 22:38:45,False
MONTE TAMARO,9V6123  ,9357949,SG,,CS,69132,563052100,1.21177825469,103.803269947,4.88722,9.76189,2.18515,125.272,2.18166156499,124.997,2023-07-24 22:38:55,False
MONTE TAMARO,9V6123  ,9357949,SG,,CS,69132,563052100,1.21134561844,103.80388488,5.19589,9.96561,2.17992,124.992,2.16420827247,123.997,2023-07-24 22:39:05,False
MONTE TAMARO,9V6123  ,9357949,SG,,CS,69132,563052100,1.21117513106,103.804118562,5.24733,10.0468,2.18166,125.074,2.18166156499,124.997,2023-07-24 22:39:15,False
MONTE TAMARO,9V6123  ,9357949,SG,,CS,69132,563052100,1.21095734237,103.804426026,5.24733,10.0739,2.18166,125.101,2.18166156499,124.997,2023-07-24 22:39:25,False
MONTE TAMARO,9V6123  ,9357949,SG,,CS,69132,563052100,1.21055164618,103.804997472,5.40167,10.3542,2.18166,125.063,2.18166156499,124.997,2023-07-24 22:39:35,False
MONTE TAMARO,9V6123  ,9357949,SG,,CS,69132,563052100,1.21034408851,103.805281928,5.45311,10.4625,2.18515,125.166,2.18166156499,124.997,2023-07-24 22:39:45,False
MONTE TAMARO,9V6123  ,9357949,SG,,CS,69132,563052100,1.20994483486,103.805853707,5.45311,10.5709,2.18515,125.268,2.18166156499,124.997,2023-07-24 22:39:55,False
MONTE TAMARO,9V6123  ,9357949,SG,,CS,69132,563052100,1.20973639414,103.806151207,5.60744,10.7683,2.17643,124.78,2.16420827247,123.997,2023-07-24 22:40:05,False
MONTE TAMARO,9V6123  ,9357949,SG,,CS,69132,563052100,1.20929466953,103.806775984,5.65889,10.8765,2.17817,124.883,2.16420827247,123.997,2023-07-24 22:40:15,False
MONTE TAMARO,9V6123  ,9357949,SG,,CS,69132,563052100,1.20905480175,103.80711232,5.65889,10.91,2.18341,125.134,2.16420827247,123.997,2023-07-24 22:40:25,False
MONTE TAMARO,9V6123  ,9357949,SG,,CS,69132,563052100,1.20886554281,103.807377139,5.65889,11.0119,2.18341,125.009,2.16420827247,123.997,2023-07-24 22:40:35,False
MONTE TAMARO,9V6123  ,9357949,SG,,CS,69132,563052100,1.20842023248,103.808017903,5.76178,11.1297,2.17817,124.828,2.18166156499,124.997,2023-07-24 22:40:45,False
MONTE TAMARO,9V6123  ,9357949,SG,,CS,69132,563052100,1.20825367042,103.808252524,5.81322,11.2285,2.18515,125.203,2.18166156499,124.997,2023-07-24 22:40:55,False
MONTE TAMARO,9V6123  ,9357949,SG,,CS,69132,563052100,1.2078273077,103.808855991,5.86467,11.3304,2.18341,125.081,2.16420827247,123.997,2023-07-24 22:41:05,False
MONTE TAMARO,9V6123  ,9357949,SG,,CS,69132,563052100,1.20758350533,103.809205572,5.91611,11.4371,2.17817,124.824,2.18166156499,124.997,2023-07-24 22:41:15,False
MONTE TAMARO,9V6123  ,9357949,SG,,CS,69132,563052100,1.20740105095,103.809468355,5.91611,11.4531,2.18341,124.769,2.16420827247,123.997,2023-07-24 22:41:25,False
MONTE TAMARO,9V6123  ,9357949,SG,,CS,69132,563052100,1.20691698693,103.810129186,5.91611,11.4847,2.18341,126.327,2.16420827247,122.997,2023-07-24 22:41:35,False
MONTE TAMARO,9V6123  ,9357949,SG,,CS,69132,563052100,1.20665287122,103.810460047,5.91611,11.4765,2.22529,127.083,2.11184839491,120.998,2023-07-24 22:41:45,False
MONTE TAMARO,9V6123  ,9357949,SG,,CS,69132,563052100,1.20620987348,103.811063268,5.96756,11.5704,2.20784,126.254,2.07694180987,118.998,2023-07-24 22:41:55,False
MONTE TAMARO,9V6123  ,9357949,SG,,CS,69132,563052100,1.20602418751,103.811395321,5.96756,11.4996,2.20784,123.556,2.07694180987,118.998,2023-07-24 22:42:05,False
MONTE TAMARO,9V6123  ,9357949,SG,,CS,69132,563052100,1.20581845334,103.811712506,5.91611,11.532,2.15374,123.449,2.04203522483,116.999,2023-07-24 22:42:15,False
MONTE TAMARO,9V6123  ,9357949,SG,,CS,69132,563052100,1.20546292086,103.812379867,5.91611,11.5449,2.09614,120.451,2.02458193231,115.999,2023-07-24 22:42:25,False
MONTE TAMARO,9V6123  ,9357949,SG,,CS,69132,563052100,1.20524482737,103.812751529,5.91611,11.5282,2.09963,120.5,1.98967534727,114.0,2023-07-24 22:42:35,False
MONTE TAMARO,9V6123  ,9357949,SG,,CS,69132,563052100,1.20487284138,103.813433385,5.91611,11.5368,2.09963,119.805,1.98967534727,111.995,2023-07-24 22:42:45,False
MONTE TAMARO,9V6123  ,9357949,SG,,CS,69132,563052100,1.20471750105,103.81378445,5.91611,11.5364,2.03854,117.17,1.93731546971,110.995,2023-07-24 22:42:55,False
MONTE TAMARO,9V6123  ,9357949,SG,,CS,69132,563052100,1.20440603466,103.814520032,5.91611,11.5237,2.03854,114.836,1.93731546971,110.995,2023-07-24 22:43:05,False
MONTE TAMARO,9V6123  ,9357949,SG,,CS,69132,563052100,1.20425531764,103.814875501,5.91611,11.525,1.99491,114.62,1.88495559215,107.996,2023-07-24 22:43:15,False
MONTE TAMARO,9V6123  ,9357949,SG,,CS,69132,563052100,1.20411714581,103.815217611,5.91611,11.5066,1.9792,113.707,1.85004900711,105.996,2023-07-24 22:43:25,False
MONTE TAMARO,9V6123  ,9357949,SG,,CS,69132,563052100,1.20386589725,103.81590026,5.86467,11.3995,1.93906,111.402,1.83259571459,104.996,2023-07-24 22:43:35,False
MONTE TAMARO,9V6123  ,9357949,SG,,CS,69132,563052100,1.20376284969,103.816303512,5.86467,11.3843,1.93906,108.621,1.83259571459,104.996,2023-07-24 22:43:45,False
MONTE TAMARO,9V6123  ,9357949,SG,,CS,69132,563052100,1.20369484906,103.816577537,5.86467,11.3817,1.85703,106.98,1.83259571459,104.996,2023-07-24 22:43:55,False
MONTE TAMARO,9V6123  ,9357949,SG,,CS,69132,563052100,1.2035056696,103.817286206,5.86467,11.4199,1.85703,105.905,1.83259571459,104.996,2023-07-24 22:44:05,False
MONTE TAMARO,9V6123  ,9357949,SG,,CS,69132,563052100,1.20341415554,103.817648852,5.91611,11.4021,1.83085,105.221,1.81514242207,103.997,2023-07-24 22:44:15,False
MONTE TAMARO,9V6123  ,9357949,SG,,CS,69132,563052100,1.20331976666,103.818007075,5.91611,11.4158,1.83085,105.101,1.81514242207,103.997,2023-07-24 22:44:25,False
MONTE TAMARO,9V6123  ,9357949,SG,,CS,69132,563052100,1.20313896839,103.818741131,5.91611,11.5275,1.82038,104.552,1.83259571459,104.996,2023-07-24 22:44:35,False
MONTE TAMARO,9V6123  ,9357949,SG,,CS,69132,563052100,1.20303304595,103.81916683,5.91611,11.5651,1.82038,104.503,1.83259571459,103.997,2023-07-24 22:44:45,False
MONTE TAMARO,9V6123  ,9357949,SG,,CS,69132,563052100,1.20282697193,103.819979786,5.96756,11.6685,1.82038,103.782,1.81514242207,103.997,2023-07-24 22:44:55,False
MONTE TAMARO,9V6123  ,9357949,SG,,CS,69132,563052100,1.20275499274,103.820299445,6.019,11.6836,1.80118,103.273,1.81514242207,103.997,2023-07-24 22:45:05,False
MONTE TAMARO,9V6123  ,9357949,SG,,CS,69132,563052100,1.20256383932,103.821092856,6.019,11.7259,1.80118,103.322,1.81514242207,103.997,2023-07-24 22:45:15,False
MONTE TAMARO,9V6123  ,9357949,SG,,CS,69132,563052100,1.20246843883,103.821458741,6.019,11.7487,1.82038,103.783,1.79768912955,102.997,2023-07-24 22:45:25,False
MONTE TAMARO,9V6123  ,9357949,SG,,CS,69132,563052100,1.20236130599,103.82188273,6.019,11.7722,1.8134,103.853,1.78023583703,101.997,2023-07-24 22:45:35,False
MONTE TAMARO,9V6123  ,9357949,SG,,CS,69132,563052100,1.20220764228,103.822640355,6.019,11.8033,1.78024,101.976,1.76278254451,100.997,2023-07-24 22:45:45,False
MONTE TAMARO,9V6123  ,9357949,SG,,CS,69132,563052100,1.20213543412,103.82305828,6.07044,11.8064,1.76453,101.106,1.74532925199,99.9976,2023-07-24 22:45:55,False
MONTE TAMARO,9V6123  ,9357949,SG,,CS,69132,563052100,1.20200279844,103.823826333,6.07044,11.7931,1.74882,100.254,1.74532925199,99.9976,2023-07-24 22:46:05,False
MONTE TAMARO,9V6123  ,9357949,SG,,CS,69132,563052100,1.20194612482,103.824220566,6.07044,11.8496,1.73486,99.6323,1.74532925199,99.9976,2023-07-24 22:46:15,False
MONTE TAMARO,9V6123  ,9357949,SG,,CS,69132,563052100,1.20181562626,103.825008459,6.07044,11.8783,1.73311,99.3236,1.74532925199,99.9976,2023-07-24 22:46:25,False
MONTE TAMARO,9V6123  ,9357949,SG,,CS,69132,563052100,1.20174887594,103.82545054,6.07044,11.8721,1.72962,99.1384,1.74532925199,99.9976,2023-07-24 22:46:35,False
MONTE TAMARO,9V6123  ,9357949,SG,,CS,69132,563052100,1.20169837036,103.825771109,6.07044,11.8498,1.72613,99.0606,1.74532925199,99.9976,2023-07-24 22:46:45,False
MONTE TAMARO,9V6123  ,9357949,SG,,CS,69132,563052100,1.20158969825,103.826485707,6.12189,11.9105,1.73137,99.1087,1.74532925199,99.9976,2023-07-24 22:46:55,False
MONTE TAMARO,9V6123  ,9357949,SG,,CS,69132,563052100,1.20151163853,103.826907681,6.12189,11.8304,1.73137,99.648,1.74532925199,99.9976,2023-07-24 22:47:05,False
MONTE TAMARO,9V6123  ,9357949,SG,,CS,69132,563052100,1.20136385925,103.827607672,6.07044,11.8227,1.76104,100.515,1.71042266695,97.998,2023-07-24 22:47:15,False
MONTE TAMARO,9V6123  ,9357949,SG,,CS,69132,563052100,1.2012863156,103.827978223,6.07044,11.8036,1.76104,100.533,1.67551608191,95.9985,2023-07-24 22:47:25,False
MONTE TAMARO,9V6123  ,9357949,SG,,CS,69132,563052100,1.20121705162,103.828350321,6.07044,11.8001,1.76104,100.44,1.67551608191,95.9985,2023-07-24 22:47:35,False
MONTE TAMARO,9V6123  ,9357949,SG,,CS,69132,563052100,1.20114994556,103.829114848,5.96756,11.6238,1.69821,97.3984,1.62315620435,92.9993,2023-07-24 22:47:45,False
MONTE TAMARO,9V6123  ,9357949,SG,,CS,69132,563052100,1.20109763906,103.829590976,5.96756,11.614,1.69122,97.018,1.60570291183,91.9995,2023-07-24 22:47:55,False
MONTE TAMARO,9V6123  ,9357949,SG,,CS,69132,563052100,1.20102337006,103.830341865,5.91611,11.536,1.67901,96.1909,1.55334303427,88.9948,2023-07-24 22:48:05,False
MONTE TAMARO,9V6123  ,9357949,SG,,CS,69132,563052100,1.20100709597,103.830721866,5.91611,11.5275,1.65108,94.7396,1.51843644924,86.9952,2023-07-24 22:48:15,False
MONTE TAMARO,9V6123  ,9357949,SG,,CS,69132,563052100,1.20098191058,103.831091879,5.91611,11.5259,1.65108,94.6433,1.51843644924,86.9952,2023-07-24 22:48:25,False
MONTE TAMARO,9V6123  ,9357949,SG,,CS,69132,563052100,1.20104262472,103.831835694,5.91611,11.3145,1.65108,89.1141,1.51843644924,86.9952,2023-07-24 22:48:35,False
MONTE TAMARO,9V6123  ,9357949,SG,,CS,69132,563052100,1.20107529594,103.832257282,5.81322,11.3042,1.50971,87.5361,1.4835298642,84.9957,2023-07-24 22:48:45,False
MONTE TAMARO,9V6123  ,9357949,SG,,CS,69132,563052100,1.20109624232,103.832567962,5.81322,11.2865,1.50971,87.3347,1.4835298642,84.9957,2023-07-24 22:48:55,False
MONTE TAMARO,9V6123  ,9357949,SG,,CS,69132,563052100,1.20116229533,103.833396725,5.76178,11.2548,1.50622,86.6335,1.43116998664,81.9965,2023-07-24 22:49:05,False
MONTE TAMARO,9V6123  ,9357949,SG,,CS,69132,563052100,1.20119986755,103.833758345,5.76178,11.25,1.48702,85.5406,1.41371669412,80.9967,2023-07-24 22:49:15,False
MONTE TAMARO,9V6123  ,9357949,SG,,CS,69132,563052100,1.20130248272,103.834466056,5.76178,11.1733,1.44688,83.4066,1.3962634016,79.9969,2023-07-24 22:49:25,False
MONTE TAMARO,9V6123  ,9357949,SG,,CS,69132,563052100,1.2013506307,103.834819521,5.76178,11.1369,1.44688,83.2843,1.3962634016,79.9969,2023-07-24 22:49:35,False
MONTE TAMARO,9V6123  ,9357949,SG,,CS,69132,563052100,1.20151618912,103.835534569,5.76178,11.1434,1.39277,80.2583,1.3962634016,79.9969,2023-07-24 22:49:45,False
MONTE TAMARO,9V6123  ,9357949,SG,,CS,69132,563052100,1.20159205079,103.835883433,5.76178,11.1637,1.3823,79.6684,1.3962634016,79.9969,2023-07-24 22:49:55,False
MONTE TAMARO,9V6123  ,9357949,SG,,CS,69132,563052100,1.20167381673,103.836296307,5.76178,11.1708,1.3823,79.4722,1.3962634016,79.9969,2023-07-24 22:50:05,False
MONTE TAMARO,9V6123  ,9357949,SG,,CS,69132,563052100,1.20182564573,103.836976404,5.81322,11.288,1.37532,78.9803,1.3962634016,79.9969,2023-07-24 22:50:15,False
MONTE TAMARO,9V6123  ,9357949,SG,,CS,69132,563052100,1.20189176131,103.83729591,5.81322,11.288,1.37532,78.9803,1.3962634016,79.9969,2023-07-24 22:50:25,False
MONTE TAMARO,9V6123  ,9357949,SG,,CS,69132,563052100,1.20204397905,103.838066459,5.81322,11.2855,1.39277,79.5804,1.34390352404,76.9977,2023-07-24 22:50:35,False
MONTE TAMARO,9V6123  ,9357949,SG,,CS,69132,563052100,1.20210150121,103.838375759,5.76178,11.2043,1.38405,79.0995,1.32645023152,75.9979,2023-07-24 22:50:45,False
MONTE TAMARO,9V6123  ,9357949,SG,,CS,69132,563052100,1.20227233583,103.839137038,5.81322,11.2847,1.36485,78.0707,1.29154364648,73.9984,2023-07-24 22:50:55,False
MONTE TAMARO,9V6123  ,9357949,SG,,CS,69132,563052100,1.20238756005,103.839526265,5.76178,11.1877,1.3282,76.2293,1.25663706144,71.9989,2023-07-24 22:51:05,False
MONTE TAMARO,9V6123  ,9357949,SG,,CS,69132,563052100,1.20251079887,103.839883458,5.76178,11.1796,1.3282,74.0546,1.25663706144,71.9989,2023-07-24 22:51:15,False
MONTE TAMARO,9V6123  ,9357949,SG,,CS,69132,563052100,1.20270562394,103.840525817,5.76178,11.0838,1.28107,73.5991,1.2217304764,69.9994,2023-07-24 22:51:25,False
MONTE TAMARO,9V6123  ,9357949,SG,,CS,69132,563052100,1.20283515974,103.840919527,5.76178,11.0974,1.26536,72.6759,1.18682389136,67.9999,2023-07-24 22:51:35,False
MONTE TAMARO,9V6123  ,9357949,SG,,CS,69132,563052100,1.20294882919,103.841262857,5.76178,11.1217,1.26536,72.6101,1.18682389136,67.9999,2023-07-24 22:51:45,False
MONTE TAMARO,9V6123  ,9357949,SG,,CS,69132,563052100,1.20328871933,103.842042624,5.76178,11.1754,1.18333,68.2541,1.1344640138,64.9951,2023-07-24 22:51:55,False
MONTE TAMARO,9V6123  ,9357949,SG,,CS,69132,563052100,1.20340878704,103.842331013,5.76178,11.1826,1.18333,68.1616,1.1344640138,64.9951,2023-07-24 22:52:05,False
MONTE TAMARO,9V6123  ,9357949,SG,,CS,69132,563052100,1.20378181765,103.843046159,5.71033,11.0703,1.12574,64.9649,1.1344640138,64.9951,2023-07-24 22:52:15,False
MONTE TAMARO,9V6123  ,9357949,SG,,CS,69132,563052100,1.2039528972,103.843367763,5.71033,11.0581,1.10654,63.9304,1.1344640138,64.9951,2023-07-24 22:52:25,False
MONTE TAMARO,9V6123  ,9357949,SG,,CS,69132,563052100,1.20427994073,103.844006631,5.71033,11.0404,1.10654,63.6605,1.1344640138,64.9951,2023-07-24 22:52:35,False
MONTE TAMARO,9V6123  ,9357949,SG,,CS,69132,563052100,1.20444548267,103.844318036,5.71033,10.9794,1.10305,63.3896,1.11701072128,63.9954,2023-07-24 22:52:45,False
MONTE TAMARO,9V6123  ,9357949,SG,,CS,69132,563052100,1.20461812967,103.844628873,5.71033,10.9982,1.08909,62.5292,1.1344640138,64.9951,2023-07-24 22:52:55,False
MONTE TAMARO,9V6123  ,9357949,SG,,CS,69132,563052100,1.20494239526,103.84522241,5.76178,11.1303,1.08385,62.0923,1.1344640138,64.9951,2023-07-24 22:53:05,False
MONTE TAMARO,9V6123  ,9357949,SG,,CS,69132,563052100,1.20513337242,103.845583497,5.76178,11.1646,1.08385,62.1857,1.1344640138,64.9951,2023-07-24 22:53:15,False
MONTE TAMARO,9V6123  ,9357949,SG,,CS,69132,563052100,1.20548392542,103.846233051,5.76178,11.1909,1.08385,62.1441,1.1344640138,64.9951,2023-07-24 22:53:25,False
MONTE TAMARO,9V6123  ,9357949,SG,,CS,69132,563052100,1.20566132806,103.846541717,5.76178,11.1946,1.06989,61.4769,1.1344640138,64.9951,2023-07-24 22:53:35,False
MONTE TAMARO,9V6123  ,9357949,SG,,CS,69132,563052100,1.20600726624,103.847168946,5.76178,11.1946,1.07163,61.4769,1.1344640138,64.9951,2023-07-24 22:53:45,False
MONTE TAMARO,9V6123  ,9357949,SG,,CS,69132,563052100,1.20618002333,103.847491174,5.76178,11.1946,1.07163,61.4769,1.1344640138,64.9951,2023-07-24 22:53:55,False
MONTE TAMARO,9V6123  ,9357949,SG,,CS,69132,563052100,1.20640332863,103.847895237,5.76178,11.1853,1.07338,61.5644,1.1344640138,64.9951,2023-07-24 22:54:05,False
MONTE TAMARO,9V6123  ,9357949,SG,,CS,69132,563052100,1.20675318336,103.848540522,5.76178,11.2195,1.07338,61.6589,1.1344640138,64.9951,2023-07-24 22:54:15,False
MONTE TAMARO,9V6123  ,9357949,SG,,CS,69132,563052100,1.20692950387,103.848867397,5.76178,11.2366,1.07338,61.706,1.1344640138,64.9951,2023-07-24 22:54:25,False
MONTE TAMARO,9V6123  ,9357949,SG,,CS,69132,563052100,1.20708732193,103.84915879,5.81322,11.3235,1.07687,61.7192,1.1344640138,64.9951,2023-07-24 22:54:35,False
MONTE TAMARO,9V6123  ,9357949,SG,,CS,69132,563052100,1.20746832133,103.849851302,5.81322,11.3249,1.07687,61.4994,1.1344640138,64.9951,2023-07-24 22:54:45,False
MONTE TAMARO,9V6123  ,9357949,SG,,CS,69132,563052100,1.20762234165,103.850140428,5.81322,11.3064,1.07687,61.6726,1.1344640138,64.9951,2023-07-24 22:54:55,False
MONTE TAMARO,9V6123  ,9357949,SG,,CS,69132,563052100,1.20801946746,103.850872592,5.81322,11.2893,1.07687,61.6257,1.1344640138,64.9951,2023-07-24 22:55:05,False
MONTE TAMARO,9V6123  ,9357949,SG,,CS,69132,563052100,1.20816714652,103.851154048,5.81322,11.2972,1.08036,61.7593,1.1344640138,64.9951,2023-07-24 22:55:15,False
MONTE TAMARO,9V6123  ,9357949,SG,,CS,69132,563052100,1.20836488796,103.851521847,5.81322,11.288,1.08036,61.8463,1.1344640138,64.9951,2023-07-24 22:55:25,False
MONTE TAMARO,9V6123  ,9357949,SG,,CS,69132,563052100,1.20870770737,103.85216666,5.81322,11.2606,1.08559,62.1079,1.1344640138,64.9951,2023-07-24 22:55:35,False
MONTE TAMARO,9V6123  ,9357949,SG,,CS,69132,563052100,1.20888009292,103.852493381,5.81322,11.2597,1.09083,62.329,1.1344640138,64.9951,2023-07-24 22:55:45,False
MONTE TAMARO,9V6123  ,9357949,SG,,CS,69132,563052100,1.20921958697,103.853134357,5.81322,11.259,1.09258,62.5501,1.11701072128,63.9954,2023-07-24 22:55:55,False
MONTE TAMARO,9V6123  ,9357949,SG,,CS,69132,563052100,1.20935234469,103.853382305,5.81322,11.2852,1.08909,62.5081,1.1344640138,64.9951,2023-07-24 22:56:05,False
MONTE TAMARO,9V6123  ,9357949,SG,,CS,69132,563052100,1.20954496786,103.853748318,5.81322,11.2852,1.08909,62.5081,1.1344640138,64.9951,2023-07-24 22:56:15,False
MONTE TAMARO,9V6123  ,9357949,SG,,CS,69132,563052100,1.20985455756,103.854350877,5.86467,11.3276,1.09956,62.9513,1.1344640138,64.9951,2023-07-24 22:56:25,False
MONTE TAMARO,9V6123  ,9357949,SG,,CS,69132,563052100,1.21004585583,103.85472873,5.86467,11.3793,1.09956,63.3036,1.1344640138,64.9951,2023-07-24 22:56:35,False
MONTE TAMARO,9V6123  ,9357949,SG,,CS,69132,563052100,1.21036083258,103.855359004,5.91611,11.5358,1.10654,63.4781,1.1344640138,64.9951,2023-07-24 22:56:45,False
MONTE TAMARO,9V6123  ,9357949,SG,,CS,69132,563052100,1.21052328649,103.855688491,5.91611,11.5185,1.10654,63.6512,1.1344640138,64.9951,2023-07-24 22:56:55,False
MONTE TAMARO,9V6123  ,9357949,SG,,CS,69132,563052100,1.21089294856,103.85644811,5.91611,11.4932,1.11876,64.1284,1.1344640138,64.9951,2023-07-24 22:57:05,False
MONTE TAMARO,9V6123  ,9357949,SG,,CS,69132,563052100,1.21104352807,103.85680237,5.91611,11.4897,1.14145,65.2993,1.11701072128,63.9954,2023-07-24 22:57:15,False
MONTE TAMARO,9V6123  ,9357949,SG,,CS,69132,563052100,1.21117732305,103.857095089,5.91611,11.5074,1.14145,65.3398,1.11701072128,63.9954,2023-07-24 22:57:25,False
MONTE TAMARO,9V6123  ,9357949,SG,,CS,69132,563052100,1.21152635833,103.857845538,5.91611,11.5318,1.13621,65.0765,1.08210413624,61.9958,2023-07-24 22:57:35,False
MONTE TAMARO,9V6123  ,9357949,SG,,CS,69132,563052100,1.21172625367,103.858250347,5.91611,11.5113,1.13621,64.3869,1.08210413624,61.9958,2023-07-24 22:57:45,False
MONTE TAMARO,9V6123  ,9357949,SG,,CS,69132,563052100,1.21202771729,103.858821916,5.91611,11.5453,1.09083,62.7447,1.0471975512,59.9963,2023-07-24 22:57:55,False
MONTE TAMARO,9V6123  ,9357949,SG,,CS,69132,563052100,1.21225838206,103.859239094,5.91611,11.5316,1.07338,61.8366,1.0471975512,59.9963,2023-07-24 22:58:05,False
MONTE TAMARO,9V6123  ,9357949,SG,,CS,69132,563052100,1.21244809449,103.859576543,5.91611,11.6383,1.07338,61.4659,1.0471975512,59.9963,2023-07-24 22:58:15,False
MONTE TAMARO,9V6123  ,9357949,SG,,CS,69132,563052100,1.21282207453,103.860235349,5.96756,11.634,1.06814,60.9082,1.0471975512,58.9966,2023-07-24 22:58:25,False
MONTE TAMARO,9V6123  ,9357949,SG,,CS,69132,563052100,1.2130421589,103.86060413,5.96756,11.6165,1.04371,60.0886,1.02974425868,58.9966,2023-07-24 22:58:35,False
MONTE TAMARO,9V6123  ,9357949,SG,,CS,69132,563052100,1.21342077982,103.861243139,5.96756,11.5394,1.04545,59.9798,1.0471975512,59.9963,2023-07-24 22:58:45,False
MONTE TAMARO,9V6123  ,9357949,SG,,CS,69132,563052100,1.21360898624,103.861568275,5.96756,11.6068,1.04545,60.1718,1.0471975512,59.9963,2023-07-24 22:58:55,False
MONTE TAMARO,9V6123  ,9357949,SG,,CS,69132,563052100,1.21399045947,103.862230152,6.019,11.6068,1.04894,60.1718,1.02974425868,58.9966,2023-07-24 22:59:05,False
MONTE TAMARO,9V6123  ,9357949,SG,,CS,69132,563052100,1.21413983316,103.862480801,6.019,11.6554,1.04894,59.7573,1.02974425868,58.9966,2023-07-24 22:59:15,False
MONTE TAMARO,9V6123  ,9357949,SG,,CS,69132,563052100,1.21438707882,103.862903833,6.07044,11.7688,1.04196,59.7504,1.0471975512,59.9963,2023-07-24 22:59:25,False
MONTE TAMARO,9V6123  ,9357949,SG,,CS,69132,563052100,1.21477420835,103.863577848,6.07044,11.7997,1.0472,60.0561,1.0471975512,59.9963,2023-07-24 22:59:35,False
MONTE TAMARO,9V6123  ,9357949,SG,,CS,69132,563052100,1.21497023045,103.863917438,6.07044,11.8528,1.04545,59.9871,1.02974425868,58.9966,2023-07-24 22:59:45,False
MONTE TAMARO,9V6123  ,9357949,SG,,CS,69132,563052100,1.21536396597,103.864564691,6.07044,11.7884,1.03847,59.5871,1.0471975512,59.9963,2023-07-24 22:59:55,False
MONTE TAMARO,9V6123  ,9357949,SG,,CS,69132,563052100,1.21555638907,103.864897532,6.019,11.6988,1.04196,59.771,1.0471975512,59.9963,2023-07-24 23:00:05,False
MONTE TAMARO,9V6123  ,9357949,SG,,CS,69132,563052100,1.21574349527,103.865262103,5.96756,11.5634,1.05069,60.1595,1.0471975512,59.9963,2023-07-24 23:00:15,False
MONTE TAMARO,9V6123  ,9357949,SG,,CS,69132,563052100,1.21616018789,103.866003507,5.91611,11.5176,1.05418,60.3631,1.02974425868,58.9966,2023-07-24 23:00:25,False
MONTE TAMARO,9V6123  ,9357949,SG,,CS,69132,563052100,1.21632154134,103.866265568,5.81322,11.3393,1.0472,59.9627,1.02974425868,58.9966,2023-07-24 23:00:35,False
MONTE TAMARO,9V6123  ,9357949,SG,,CS,69132,563052100,1.21653512039,103.866623238,5.81322,11.2959,1.0472,59.9494,1.02974425868,58.9966,2023-07-24 23:00:45,False
MONTE TAMARO,9V6123  ,9357949,SG,,CS,69132,563052100,1.21690581367,103.86722115,5.65889,11.0246,1.03498,59.3654,1.0471975512,59.9963,2023-07-24 23:00:55,False
MONTE TAMARO,9V6123  ,9357949,SG,,CS,69132,563052100,1.21708363343,103.867523361,5.60744,10.928,1.03673,59.4208,1.02974425868,58.9966,2023-07-24 23:01:05,False
MONTE TAMARO,9V6123  ,9357949,SG,,CS,69132,563052100,1.2174428586,103.868114342,5.60744,10.7478,1.03673,59.214,1.02974425868,58.9966,2023-07-24 23:01:15,False
MONTE TAMARO,9V6123  ,9357949,SG,,CS,69132,563052100,1.21763929976,103.868434789,5.60744,10.5744,1.03673,59.1446,1.02974425868,58.9966,2023-07-24 23:01:25,False
MONTE TAMARO,9V6123  ,9357949,SG,,CS,69132,563052100,1.2178355023,103.868771398,5.35022,10.4717,1.04196,59.6747,1.02974425868,58.9966,2023-07-24 23:01:35,False
MONTE TAMARO,9V6123  ,9357949,SG,,CS,69132,563052100,1.21813726851,103.869319549,5.24733,10.2903,1.05592,60.3357,1.01229096616,57.9968,2023-07-24 23:01:45,False
MONTE TAMARO,9V6123  ,9357949,SG,,CS,69132,563052100,1.21832391955,103.869644264,5.14444,10.1192,1.04894,60.0367,0.977384381117,55.9973,2023-07-24 23:01:55,False
MONTE TAMARO,9V6123  ,9357949,SG,,CS,69132,563052100,1.21866416963,103.870198765,5.093,10.0177,1.03149,59.0553,0.959931088597,54.9976,2023-07-24 23:02:05,False
MONTE TAMARO,9V6123  ,9357949,SG,,CS,69132,563052100,1.21880975421,103.870391344,5.04156,9.92637,0.993092,57.1502,0.959931088597,54.9976,2023-07-24 23:02:15,False
MONTE TAMARO,9V6123  ,9357949,SG,,CS,69132,563052100,1.21916643128,103.870918634,4.99011,9.83372,0.98262,56.5298,0.959931088597,54.9976,2023-07-24 23:02:25,False
MONTE TAMARO,9V6123  ,9357949,SG,,CS,69132,563052100,1.21939475451,103.871238644,4.93867,9.72616,0.968658,55.8335,0.959931088597,54.9976,2023-07-24 23:02:35,False
MONTE TAMARO,9V6123  ,9357949,SG,,CS,69132,563052100,1.21952669845,103.871431857,4.93867,9.6349,0.968658,55.6046,0.959931088597,54.9976,2023-07-24 23:02:45,False
MONTE TAMARO,9V6123  ,9357949,SG,,CS,69132,563052100,1.21993268673,103.871999982,4.88722,9.5293,0.965167,54.8835,0.959931088597,54.9976,2023-07-24 23:02:55,False
MONTE TAMARO,9V6123  ,9357949,SG,,CS,69132,563052100,1.22009223833,103.872212271,4.78433,9.4116,0.951204,54.6687,0.959931088597,54.9976,2023-07-24 23:03:05,False
MONTE TAMARO,9V6123  ,9357949,SG,,CS,69132,563052100,1.22045366227,103.872716692,4.73289,9.32115,0.947714,54.4207,0.959931088597,54.9976,2023-07-24 23:03:15,False
MONTE TAMARO,9V6123  ,9357949,SG,,CS,69132,563052100,1.2206330186,103.872961239,4.73289,9.30535,0.947714,54.351,0.959931088597,54.9976,2023-07-24 23:03:25,False
MONTE TAMARO,9V6123  ,9357949,SG,,CS,69132,563052100,1.2208310449,103.873228936,4.68144,9.19239,0.945968,54.2933,0.942477796077,53.9978,2023-07-24 23:03:35,False
MONTE TAMARO,9V6123  ,9357949,SG,,CS,69132,563052100,1.22120518193,103.873725118,4.63,9.00076,0.938987,53.8726,0.959931088597,54.9976,2023-07-24 23:03:45,False
MONTE TAMARO,9V6123  ,9357949,SG,,CS,69132,563052100,1.22137716821,103.873960215,4.63,8.98931,0.938987,53.9726,0.959931088597,54.9976,2023-07-24 23:03:55,False
MONTE TAMARO,9V6123  ,9357949,SG,,CS,69132,563052100,1.22170477131,103.874413261,4.57856,8.87164,0.95644,54.8126,0.942477796077,53.9978,2023-07-24 23:04:05,False
MONTE TAMARO,9V6123  ,9357949,SG,,CS,69132,563052100,1.22185961065,103.874662867,4.52711,8.78807,0.975639,55.8178,0.907571211037,51.9983,2023-07-24 23:04:15,False
MONTE TAMARO,9V6123  ,9357949,SG,,CS,69132,563052100,1.22202139181,103.874899061,4.52711,8.78807,0.972148,55.8178,0.890117918517,50.9985,2023-07-24 23:04:25,False
MONTE TAMARO,9V6123  ,9357949,SG,,CS,69132,563052100,1.22239306914,103.875368498,4.47567,8.71244,0.928515,53.4369,0.872664625997,49.9988,2023-07-24 23:04:35,False
MONTE TAMARO,9V6123  ,9357949,SG,,CS,69132,563052100,1.22260527032,103.875609073,4.42422,8.63071,0.890118,51.4007,0.872664625997,49.9988,2023-07-24 23:04:45,False
MONTE TAMARO,9V6123  ,9357949,SG,,CS,69132,563052100,1.22296425233,103.876042184,4.42422,8.62191,0.881391,50.856,0.872664625997,49.9988,2023-07-24 23:04:55,False
MONTE TAMARO,9V6123  ,9357949,SG,,CS,69132,563052100,1.22314998072,103.876255398,4.42422,8.62885,0.872665,50.3927,0.872664625997,49.9988,2023-07-24 23:05:05,False
MONTE TAMARO,9V6123  ,9357949,SG,,CS,69132,563052100,1.22346385985,103.876619788,4.37278,8.52446,0.865683,49.8097,0.872664625997,49.9988,2023-07-24 23:05:15,False
MONTE TAMARO,9V6123  ,9357949,SG,,CS,69132,563052100,1.22364805594,103.876827625,4.37278,8.52003,0.858702,49.4412,0.872664625997,49.9988,2023-07-24 23:05:25,False
MONTE TAMARO,9V6123  ,9357949,SG,,CS,69132,563052100,1.22384800749,103.877062158,4.37278,8.51794,0.856957,49.2569,0.872664625997,49.9988,2023-07-24 23:05:35,False
MONTE TAMARO,9V6123  ,9357949,SG,,CS,69132,563052100,1.22419945163,103.877472743,4.32133,8.43469,0.879646,50.3297,0.855211333477,48.999,2023-07-24 23:05:45,False
MONTE TAMARO,9V6123  ,9357949,SG,,CS,69132,563052100,1.22437491292,103.877699248,4.32133,8.43998,0.879646,50.7013,0.855211333477,46.9995,2023-07-24 23:05:55,False
MONTE TAMARO,9V6123  ,9357949,SG,,CS,69132,563052100,1.22457561505,103.877936052,4.32133,8.43469,0.879646,50.3297,0.855211333477,45.9998,2023-07-24 23:06:05,False
MONTE TAMARO,9V6123  ,9357949,SG,,CS,69132,563052100,1.22493686224,103.878345378,4.26989,8.36226,0.851721,48.8642,0.802851455917,45.9998,2023-07-24 23:06:15,False
MONTE TAMARO,9V6123  ,9357949,SG,,CS,69132,563052100,1.2251280574,103.878544239,4.26989,8.36585,0.827286,47.6368,0.785398163397,45.0,2023-07-24 23:06:25,False
MONTE TAMARO,9V6123  ,9357949,SG,,CS,69132,563052100,1.22552741761,103.87895754,4.26989,8.36066,0.809833,46.6958,0.785398163397,45.0,2023-07-24 23:06:35,False
MONTE TAMARO,9V6123  ,9357949,SG,,CS,69132,563052100,1.22569492666,103.879108603,4.26989,8.34353,0.787143,45.4719,0.785398163397,45.0,2023-07-24 23:06:45,False
MONTE TAMARO,9V6123  ,9357949,SG,,CS,69132,563052100,1.22608836105,103.87949088,4.21844,8.27493,0.767945,44.429,0.785398163397,45.0,2023-07-24 23:06:55,False
MONTE TAMARO,9V6123  ,9357949,SG,,CS,69132,563052100,1.22630414778,103.879707325,4.21844,8.26088,0.774926,44.714,0.785398163397,45.0,2023-07-24 23:07:05,False
MONTE TAMARO,9V6123  ,9357949,SG,,CS,69132,563052100,1.2265129267,103.879908781,4.11556,8.05479,0.774926,44.6089,0.785398163397,45.0,2023-07-24 23:07:15,False
MONTE TAMARO,9V6123  ,9357949,SG,,CS,69132,563052100,1.22685126961,103.880227685,4.06411,7.87689,0.76969,44.1001,0.785398163397,45.0,2023-07-24 23:07:25,False
MONTE TAMARO,9V6123  ,9357949,SG,,CS,69132,563052100,1.22702893485,103.880393788,4.06411,7.78145,0.76969,43.7854,0.785398163397,45.0,2023-07-24 23:07:35,False
MONTE TAMARO,9V6123  ,9357949,SG,,CS,69132,563052100,1.22741442505,103.880766553,3.96122,7.71197,0.767945,44.0809,0.767944870878,43.9948,2023-07-24 23:07:45,False
MONTE TAMARO,9V6123  ,9357949,SG,,CS,69132,563052100,1.22760609251,103.880966059,3.85833,7.55978,0.785398,45.0,0.750491578358,42.995,2023-07-24 23:07:55,False
MONTE TAMARO,9V6123  ,9357949,SG,,CS,69132,563052100,1.22775546118,103.881113047,3.80689,7.46368,0.778417,44.6835,0.750491578358,42.995,2023-07-24 23:08:05,False
MONTE TAMARO,9V6123  ,9357949,SG,,CS,69132,563052100,1.22815729381,103.881528742,3.80689,7.53249,0.778417,44.5818,0.750491578358,42.995,2023-07-24 23:08:15,False
MONTE TAMARO,9V6123  ,9357949,SG,,CS,69132,563052100,1.22825827039,103.881575795,3.65256,7.20577,0.753982,43.2511,0.733038285838,41.9952,2023-07-24 23:08:25,False
MONTE TAMARO,9V6123  ,9357949,SG,,CS,69132,563052100,1.22860796636,103.88188304,3.60111,7.07031,0.747001,42.7717,0.715584993318,40.9955,2023-07-24 23:08:35,False
MONTE TAMARO,9V6123  ,9357949,SG,,CS,69132,563052100,1.22875691565,103.882015345,3.54967,6.96564,0.729548,41.8327,0.715584993318,40.9955,2023-07-24 23:08:45,False
MONTE TAMARO,9V6123  ,9357949,SG,,CS,69132,563052100,1.22894371283,103.882173898,3.44678,6.82489,0.699877,40.4951,0.715584993318,40.9955,2023-07-24 23:08:55,False
MONTE TAMARO,9V6123  ,9357949,SG,,CS,69132,563052100,1.22929851361,103.882467249,3.39533,6.705,0.694641,40.0608,0.715584993318,40.9955,2023-07-24 23:09:05,False
MONTE TAMARO,9V6123  ,9357949,SG,,CS,69132,563052100,1.22948244494,103.882620673,3.34389,6.60349,0.705113,40.583,0.698131700798,39.9957,2023-07-24 23:09:15,False
MONTE TAMARO,9V6123  ,9357949,SG,,CS,69132,563052100,1.2298049993,103.882886023,3.29244,6.51092,0.698132,40.156,0.698131700798,39.9957,2023-07-24 23:09:25,False
MONTE TAMARO,9V6123  ,9357949,SG,,CS,69132,563052100,1.2299314258,103.882996089,3.18956,6.31687,0.699877,40.2571,0.698131700798,39.9957,2023-07-24 23:09:35,False
MONTE TAMARO,9V6123  ,9357949,SG,,CS,69132,563052100,1.23025489186,103.883272316,3.18956,6.19245,0.699877,40.2892,0.698131700798,38.996,2023-07-24 23:09:45,False
MONTE TAMARO,9V6123  ,9357949,SG,,CS,69132,563052100,1.23040524314,103.883401594,3.08667,6.08063,0.706858,40.4622,0.663225115758,37.9962,2023-07-24 23:09:55,False
MONTE TAMARO,9V6123  ,9357949,SG,,CS,69132,563052100,1.23058480074,103.883537649,3.03522,5.98584,0.703368,40.2582,0.645771823238,36.9965,2023-07-24 23:10:05,False
MONTE TAMARO,9V6123  ,9357949,SG,,CS,69132,563052100,1.23089443226,103.883785036,2.98378,5.86619,0.696386,39.757,0.628318530718,35.9967,2023-07-24 23:10:15,False
MONTE TAMARO,9V6123  ,9357949,SG,,CS,69132,563052100,1.23104051582,103.883897063,2.93233,5.76208,0.685914,39.1126,0.610865238198,34.9969,2023-07-24 23:10:25,False
MONTE TAMARO,9V6123  ,9357949,SG,,CS,69132,563052100,1.23133167628,103.884109248,2.93233,5.63799,0.685914,37.8577,0.610865238198,34.9969,2023-07-24 23:10:35,False
MONTE TAMARO,9V6123  ,9357949,SG,,CS,69132,563052100,1.23148834474,103.884211102,2.93233,5.54391,0.685914,36.5886,0.610865238198,33.9972,2023-07-24 23:10:45,False
MONTE TAMARO,9V6123  ,9357949,SG,,CS,69132,563052100,1.23162710477,103.884310362,2.93233,5.43516,0.685914,36.4191,0.610865238198,33.9972,2023-07-24 23:10:55,False
MONTE TAMARO,9V6123  ,9357949,SG,,CS,69132,563052100,1.23193207569,103.884526452,2.72656,5.33797,0.6353,36.4109,0.558505360638,31.9977,2023-07-24 23:11:05,False
MONTE TAMARO,9V6123  ,9357949,SG,,CS,69132,563052100,1.23206454797,103.884592915,2.72656,5.26068,0.6353,35.9807,0.558505360638,31.9977,2023-07-24 23:11:15,False
MONTE TAMARO,9V6123  ,9357949,SG,,CS,69132,563052100,1.23232208862,103.884783174,2.62367,5.11364,0.621337,35.563,0.523598775598,29.9982,2023-07-24 23:11:25,False
MONTE TAMARO,9V6123  ,9357949,SG,,CS,69132,563052100,1.23246063231,103.884878113,2.62367,5.10702,0.614356,35.0813,0.506145483078,28.9984,2023-07-24 23:11:35,False
MONTE TAMARO,9V6123  ,9357949,SG,,CS,69132,563052100,1.23258311585,103.88495097,2.62367,5.12294,0.614356,34.9564,0.506145483078,28.9984,2023-07-24 23:11:45,False
MONTE TAMARO,9V6123  ,9357949,SG,,CS,69132,563052100,1.23282095539,103.885124476,2.52078,4.89529,0.588176,33.5008,0.453785605519,25.9991,2023-07-24 23:11:55,False
MONTE TAMARO,9V6123  ,9357949,SG,,CS,69132,563052100,1.23300123081,103.885234442,2.52078,4.80507,0.588176,32.2756,0.453785605519,25.9991,2023-07-24 23:12:05,False
MONTE TAMARO,9V6123  ,9357949,SG,,CS,69132,563052100,1.23327022428,103.88539648,2.41789,4.68737,0.53058,30.3933,0.418879020479,23.9996,2023-07-24 23:12:15,False
MONTE TAMARO,9V6123  ,9357949,SG,,CS,69132,563052100,1.233429697,103.88547903,2.36644,4.59361,0.500909,28.8427,0.401425727959,22.9999,2023-07-24 23:12:25,False
MONTE TAMARO,9V6123  ,9357949,SG,,CS,69132,563052100,1.23354711159,103.885518471,2.36644,4.58195,0.47822,27.5434,0.401425727959,22.9999,2023-07-24 23:12:35,False
MONTE TAMARO,9V6123  ,9357949,SG,,CS,69132,563052100,1.23376804622,103.885603564,2.315,4.53783,0.460767,26.4553,0.383972435439,21.9946,2023-07-24 23:12:45,False
MONTE TAMARO,9V6123  ,9357949,SG,,CS,69132,563052100,1.23392311184,103.885692455,2.26356,4.40773,0.44855,25.887,0.383972435439,21.9946,2023-07-24 23:12:55,False
MONTE TAMARO,9V6123  ,9357949,SG,,CS,69132,563052100,1.23421200777,103.885833713,2.26356,4.42604,0.438078,25.2145,0.366519142919,20.9949,2023-07-24 23:13:05,False
MONTE TAMARO,9V6123  ,9357949,SG,,CS,69132,563052100,1.23437254056,103.885895425,2.21211,4.352,0.413643,23.7026,0.366519142919,20.9949,2023-07-24 23:13:15,False
MONTE TAMARO,9V6123  ,9357949,SG,,CS,69132,563052100,1.23448706705,103.885944542,2.21211,4.33181,0.389208,22.4221,0.349065850399,19.9951,2023-07-24 23:13:25,False
MONTE TAMARO,9V6123  ,9357949,SG,,CS,69132,563052100,1.23475622898,103.88605408,2.16067,4.22329,0.375246,21.6055,0.349065850399,19.9951,2023-07-24 23:13:35,False
MONTE TAMARO,9V6123  ,9357949,SG,,CS,69132,563052100,1.23488030032,103.886102454,2.16067,4.19528,0.375246,20.6182,0.349065850399,19.9951,2023-07-24 23:13:45,False
MONTE TAMARO,9V6123  ,9357949,SG,,CS,69132,563052100,1.23511321069,103.886187845,2.16067,4.10206,0.375246,20.2383,0.349065850399,19.9951,2023-07-24 23:13:55,False
MONTE TAMARO,9V6123  ,9357949,SG,,CS,69132,563052100,1.23525632976,103.886237294,2.10922,4.09538,0.345575,19.9831,0.349065850399,19.9951,2023-07-24 23:14:05,False
MONTE TAMARO,9V6123  ,9357949,SG,,CS,69132,563052100,1.23538162434,103.886281682,2.10922,4.08878,0.340339,19.7271,0.349065850399,19.9951,2023-07-24 23:14:15,False
MONTE TAMARO,9V6123  ,9357949,SG,,CS,69132,563052100,1.2356055996,103.886341026,2.10922,3.98962,0.340339,19.0529,0.349065850399,19.9951,2023-07-24 23:14:25,False
