name,callsign,imonumber,flag,length,type,grosstonnage,mmsinumber,latitudedegrees,longitudedegrees,speedoverground,speedoverwater,courseoverground,courseoverwater,headingoverground,headingoverwater,timestamp,is_stopped,lat_tug_9869617,lon_tug_9869617,sog_tug_9869617,heading_tug_9869617
MSC ANA CAMILA III,5LBP2   ,9261827,LR,,CS,25703,636020962,1.20380732319,103.670922985,0.0514444,0.0801468,1.20079,75.9638,4.32841654495,248.0,2023-06-01 10:10:28,True,1.27970002635,103.750823889,0.0,34.9969
MSC ANA CAMILA III,5LBP2   ,9261827,LR,,CS,25703,636020962,1.20380984506,103.67092946,0.0514444,0.0801468,1.20079,75.9638,4.32841654495,248.0,2023-06-01 10:10:38,True,1.27970002635,103.750823889,0.0,34.9969
MSC ANA CAMILA III,5LBP2   ,9261827,LR,,CS,25703,636020962,1.20381102428,103.670932479,0.0514444,0.0801468,1.20079,75.9638,4.32841654495,248.0,2023-06-01 10:10:48,True,1.27969335889,103.750807226,0.0,33.9972
MSC ANA CAMILA III,5LBP2   ,9261827,LR,,CS,25703,636020962,1.20381219909,103.670935479,0.0514444,0.0801468,1.20079,75.9638,4.32841654495,248.0,2023-06-01 10:10:58,True,1.27969335889,103.750807226,0.0,33.9972
MSC ANA CAMILA III,5LBP2   ,9261827,LR,,CS,25703,636020962,1.20381455754,103.670941516,0.0514444,0.0801468,1.20079,75.9638,4.32841654495,248.0,2023-06-01 10:11:08,True,1.27964283029,103.750769172,0.617333,55.9973
MSC ANA CAMILA III,5LBP2   ,9261827,LR,,CS,25703,636020962,1.20381590459,103.670944973,0.0514444,0.0801468,1.20079,75.9638,4.32841654495,248.0,2023-06-01 10:11:18,True,1.27955999177,103.750665949,1.23467,59.9963
MSC ANA CAMILA III,5LBP2   ,9261827,LR,,CS,25703,636020962,1.20367904039,103.670609446,0.205778,0.387308,4.41568,252.474,4.41568300755,252.999,2023-06-01 10:11:28,True,1.27939449604,103.750437723,1.23467,59.9963
MSC ANA CAMILA III,5LBP2   ,9261827,LR,,CS,25703,636020962,1.20367631462,103.670591195,0.205778,0.381905,4.41917,255.256,4.41568300755,252.999,2023-06-01 10:11:38,True,1.27929234043,103.750334492,2.05778,42.995
MSC ANA CAMILA III,5LBP2   ,9261827,LR,,CS,25703,636020962,1.20368783473,103.670579489,0.205778,0.388769,4.66527,270.0,4.41568300755,252.999,2023-06-01 10:11:48,True,1.27923481579,103.750290129,0.565889,34.9969
MSC ANA CAMILA III,5LBP2   ,9261827,LR,,CS,25703,636020962,1.20369090623,103.670550603,0.205778,0.388769,4.66527,270.0,4.41568300755,252.999,2023-06-01 10:11:58,True,1.27924908965,103.750281617,0.360111,34.9969
MSC ANA CAMILA III,5LBP2   ,9261827,LR,,CS,25703,636020962,1.20369443263,103.67052263,0.205778,0.388769,4.66527,270.0,4.41568300755,252.999,2023-06-01 10:12:08,True,1.27926902464,103.75027386,0.257222,36.9965
MSC ANA CAMILA III,5LBP2   ,9261827,LR,,CS,25703,636020962,1.20369985896,103.670511854,0.205778,0.388769,4.66701,270.0,4.41568300755,252.999,2023-06-01 10:12:18,True,1.27927203608,103.750269726,0.102889,41.9952
MSC ANA CAMILA III,5LBP2   ,9261827,LR,,CS,25703,636020962,1.20370204287,103.670482811,0.154333,0.291577,4.7438,270.0,4.41568300755,252.999,2023-06-01 10:12:28,True,1.27927881801,103.750277588,0.0514444,42.995
MSC ANA CAMILA III,5LBP2   ,9261827,LR,,CS,25703,636020962,1.20370192712,103.670468631,0.154333,0.291577,4.74555,270.0,4.41568300755,252.999,2023-06-01 10:12:38,True,1.27925410067,103.750257127,0.102889,42.995
MSC ANA CAMILA III,5LBP2   ,9261827,LR,,CS,25703,636020962,1.20369683531,103.670463068,0.154333,0.291577,4.74555,270.0,4.41568300755,252.999,2023-06-01 10:12:48,True,1.27924752239,103.750262611,0.205778,42.995
MSC ANA CAMILA III,5LBP2   ,9261827,LR,,CS,25703,636020962,1.2036936372,103.670447239,0.154333,0.291577,4.74555,270.0,4.41568300755,252.999,2023-06-01 10:12:58,True,1.27923840368,103.750262673,0.257222,40.9955
MSC ANA CAMILA III,5LBP2   ,9261827,LR,,CS,25703,636020962,1.20369302743,103.670441448,0.102889,0.191446,5.20981,293.962,4.41568300755,252.999,2023-06-01 10:13:08,True,1.27919684628,103.750263842,0.360111,38.996
MSC ANA CAMILA III,5LBP2   ,9261827,LR,,CS,25703,636020962,1.20369568919,103.670426567,0.102889,0.191446,5.20981,293.962,4.41568300755,252.999,2023-06-01 10:13:18,True,1.27916887504,103.750258244,0.360111,41.9952
MSC ANA CAMILA III,5LBP2   ,9261827,LR,,CS,25703,636020962,1.20369268052,103.670404016,0.102889,0.191446,5.20806,293.962,4.41568300755,252.999,2023-06-01 10:13:28,True,1.27911599545,103.75023165,0.360111,41.9952
MSC ANA CAMILA III,5LBP2   ,9261827,LR,,CS,25703,636020962,1.20368556557,103.670388152,0.102889,0.191446,5.20632,293.962,4.41568300755,252.999,2023-06-01 10:13:38,True,1.27908866042,103.750206187,0.411556,43.9948
MSC ANA CAMILA III,5LBP2   ,9261827,LR,,CS,25703,636020962,1.20369942172,103.670377412,0.102889,0.191446,5.20457,293.962,4.41568300755,252.999,2023-06-01 10:13:48,True,1.27906512298,103.750179995,0.411556,43.9948
MSC ANA CAMILA III,5LBP2   ,9261827,LR,,CS,25703,636020962,1.20371264656,103.670369005,0.102889,0.191446,5.20108,293.962,4.41568300755,252.999,2023-06-01 10:13:58,True,1.2790259717,103.750139983,0.411556,41.9952
MSC ANA CAMILA III,5LBP2   ,9261827,LR,,CS,25703,636020962,1.20371799351,103.670359774,0.102889,0.191446,5.19759,293.962,4.39822971503,251.999,2023-06-01 10:14:08,True,1.27900006428,103.750119566,0.411556,40.9955
MSC ANA CAMILA III,5LBP2   ,9261827,LR,,CS,25703,636020962,1.2037222401,103.670338188,0.102889,0.191446,5.1941,293.962,4.39822971503,251.999,2023-06-01 10:14:18,True,1.2789826309,103.750100332,0.411556,40.9955
MSC ANA CAMILA III,5LBP2   ,9261827,LR,,CS,25703,636020962,1.20372757723,103.67031397,0.102889,0.191446,5.18712,293.962,4.39822971503,251.999,2023-06-01 10:14:28,True,1.27894233172,103.750065726,0.360111,41.9952
MSC ANA CAMILA III,5LBP2   ,9261827,LR,,CS,25703,636020962,1.20373503964,103.670308933,0.102889,0.191446,5.18188,293.962,4.38077642251,250.999,2023-06-01 10:14:38,True,1.27892318506,103.750048177,0.360111,41.9952
MSC ANA CAMILA III,5LBP2   ,9261827,LR,,CS,25703,636020962,1.20375522795,103.670296261,0.154333,0.291577,5.37038,306.87,4.38077642251,250.999,2023-06-01 10:14:48,True,1.27890423393,103.750033822,0.360111,41.9952
MSC ANA CAMILA III,5LBP2   ,9261827,LR,,CS,25703,636020962,1.20376842184,103.670287258,0.154333,0.291577,5.36165,306.87,4.36332312999,249.999,2023-06-01 10:14:58,True,1.27885398041,103.750001147,0.360111,41.9952
MSC ANA CAMILA III,5LBP2   ,9261827,LR,,CS,25703,636020962,1.2037812226,103.670276377,0.102889,0.191446,5.1557,293.962,4.36332312999,249.999,2023-06-01 10:15:08,True,1.27883526007,103.749988222,0.360111,40.9955
MSC ANA CAMILA III,5LBP2   ,9261827,LR,,CS,25703,636020962,1.20379641165,103.67025551,0.205778,0.382893,5.14872,293.962,4.36332312999,249.999,2023-06-01 10:15:18,True,1.27879784719,103.749967805,0.360111,39.9957
MSC ANA CAMILA III,5LBP2   ,9261827,LR,,CS,25703,636020962,1.2038009768,103.670243173,0.154333,0.297351,4.94103,281.31,4.34586983747,249.0,2023-06-01 10:15:28,True,1.27876842495,103.749952047,0.360111,41.9952
MSC ANA CAMILA III,5LBP2   ,9261827,LR,,CS,25703,636020962,1.2038077668,103.670220043,0.154333,0.297351,4.9323,281.31,4.34586983747,249.0,2023-06-01 10:15:38,True,1.27874637833,103.749938254,0.360111,41.9952
MSC ANA CAMILA III,5LBP2   ,9261827,LR,,CS,25703,636020962,1.20379944144,103.670197037,0.154333,0.382893,4.9323,293.962,4.34586983747,248.0,2023-06-01 10:15:48,True,1.27868815354,103.749916108,0.411556,39.9957
MSC ANA CAMILA III,5LBP2   ,9261827,LR,,CS,25703,636020962,1.20379557268,103.670189508,0.154333,0.297351,4.90961,281.31,4.31096325243,246.995,2023-06-01 10:15:58,True,1.27865447563,103.749902719,0.463,37.9962
MSC ANA CAMILA III,5LBP2   ,9261827,LR,,CS,25703,636020962,1.20379378637,103.670154656,0.154333,0.294157,4.90088,277.595,4.31096325243,246.995,2023-06-01 10:16:08,True,1.2786272604,103.749891901,0.463,37.9962
MSC ANA CAMILA III,5LBP2   ,9261827,LR,,CS,25703,636020962,1.20379486755,103.670144057,0.154333,0.294157,4.90088,277.595,4.31096325243,246.995,2023-06-01 10:16:18,True,1.27856795413,103.749880128,0.463,36.9965
MSC ANA CAMILA III,5LBP2   ,9261827,LR,,CS,25703,636020962,1.20379929792,103.670097095,0.205778,0.389255,4.763,272.862,4.29350995991,245.995,2023-06-01 10:16:28,True,1.27852625621,103.749873294,0.514444,34.9969
MSC ANA CAMILA III,5LBP2   ,9261827,LR,,CS,25703,636020962,1.20379403295,103.670077458,0.205778,0.388769,4.75777,270.0,4.29350995991,245.995,2023-06-01 10:16:38,True,1.27850337642,103.749867284,0.514444,33.9972
MSC ANA CAMILA III,5LBP2   ,9261827,LR,,CS,25703,636020962,1.20379281735,103.670058716,0.154333,0.294157,4.8747,277.595,4.27605666739,244.995,2023-06-01 10:16:48,True,1.27844089882,103.749836162,0.463,36.9965
MSC ANA CAMILA III,5LBP2   ,9261827,LR,,CS,25703,636020962,1.20379014444,103.670038517,0.154333,0.388769,4.8747,270.0,4.27605666739,244.995,2023-06-01 10:16:58,True,1.27841001836,103.749823265,0.463,36.9965
MSC ANA CAMILA III,5LBP2   ,9261827,LR,,CS,25703,636020962,1.20378707868,103.670020758,0.205778,0.388769,4.73857,270.0,4.25860337487,243.995,2023-06-01 10:17:08,True,1.2783500476,103.749785702,0.463,34.9969
MSC ANA CAMILA III,5LBP2   ,9261827,LR,,CS,25703,636020962,1.20379025788,103.670017809,0.205778,0.388769,4.73333,270.0,4.25860337487,243.995,2023-06-01 10:17:18,True,1.27833024431,103.74977376,0.463,33.9972
MSC ANA CAMILA III,5LBP2   ,9261827,LR,,CS,25703,636020962,1.20378958543,103.66999912,0.205778,0.396468,4.50819,258.69,4.25860337487,243.995,2023-06-01 10:17:28,True,1.27830353022,103.749761775,0.463,32.9974
MSC ANA CAMILA III,5LBP2   ,9261827,LR,,CS,25703,636020962,1.20378939095,103.669996365,0.205778,0.396468,4.50469,258.69,4.25860337487,243.995,2023-06-01 10:17:38,True,1.27824632178,103.749729548,0.463,31.9977
MSC ANA CAMILA III,5LBP2   ,9261827,LR,,CS,25703,636020962,1.2037847093,103.669983186,0.205778,0.396468,4.49771,258.69,4.24115008235,242.996,2023-06-01 10:17:48,True,1.27821639616,103.749714588,0.463,31.9977
MSC ANA CAMILA III,5LBP2   ,9261827,LR,,CS,25703,636020962,1.20379803517,103.669966829,0.154333,0.294157,4.56927,262.405,4.24115008235,242.996,2023-06-01 10:17:58,True,1.27818602977,103.749692099,0.463,31.9977
MSC ANA CAMILA III,5LBP2   ,9261827,LR,,CS,25703,636020962,1.20379878998,103.669962337,0.154333,0.294157,4.56927,262.405,4.24115008235,242.996,2023-06-01 10:18:08,True,1.27810764089,103.749663146,0.565889,22.9999
MSC ANA CAMILA III,5LBP2   ,9261827,LR,,CS,25703,636020962,1.20379648007,103.669955861,0.154333,0.294157,4.5588,262.405,4.22369678983,241.996,2023-06-01 10:18:18,True,1.27806791627,103.749669526,0.565889,20.9949
MSC ANA CAMILA III,5LBP2   ,9261827,LR,,CS,25703,636020962,1.20379181078,103.66992931,0.154333,0.294157,4.55356,262.405,4.22369678983,241.996,2023-06-01 10:18:28,True,1.27798570317,103.749694195,0.617333,14.9963
MSC ANA CAMILA III,5LBP2   ,9261827,LR,,CS,25703,636020962,1.20379245057,103.669921746,0.154333,0.294157,4.54833,262.405,4.22369678983,241.996,2023-06-01 10:18:38,True,1.27794194156,103.749705517,0.617333,15.9961
MSC ANA CAMILA III,5LBP2   ,9261827,LR,,CS,25703,636020962,1.20379365466,103.669900196,0.205778,0.381905,4.46455,255.256,4.20624349731,240.996,2023-06-01 10:18:48,True,1.27790793187,103.749705202,0.565889,18.9954
MSC ANA CAMILA III,5LBP2   ,9261827,LR,,CS,25703,636020962,1.20378640284,103.669884648,0.154333,0.294157,4.53611,262.405,4.20624349731,240.996,2023-06-01 10:18:58,True,1.27786788866,103.749695174,0.514444,17.9956
MSC ANA CAMILA III,5LBP2   ,9261827,LR,,CS,25703,636020962,1.20377598449,103.669863292,0.205778,0.381905,4.45408,255.256,4.20624349731,240.996,2023-06-01 10:19:08,True,1.27778455496,103.74968979,0.565889,9.99756
MSC ANA CAMILA III,5LBP2   ,9261827,LR,,CS,25703,636020962,1.20376743459,103.669850271,0.154333,0.294157,4.52564,262.405,4.18879020479,239.996,2023-06-01 10:19:18,True,1.27774765844,103.749690028,0.565889,8.9978
MSC ANA CAMILA III,5LBP2   ,9261827,LR,,CS,25703,636020962,1.20375598389,103.669843305,0.154333,0.294157,4.52215,262.405,4.18879020479,239.996,2023-06-01 10:19:28,True,1.27769587063,103.749690872,0.565889,11.9971
MSC ANA CAMILA III,5LBP2   ,9261827,LR,,CS,25703,636020962,1.20375146105,103.669827704,0.154333,0.294157,4.51691,262.405,4.18879020479,239.996,2023-06-01 10:19:38,True,1.27760722524,103.749643448,0.720222,12.9968
MSC ANA CAMILA III,5LBP2   ,9261827,LR,,CS,25703,636020962,1.20373807133,103.669813543,0.154333,0.287005,4.19054,241.699,4.18879020479,239.996,2023-06-01 10:19:48,True,1.27756260757,103.749614177,0.771667,9.99756
MSC ANA CAMILA III,5LBP2   ,9261827,LR,,CS,25703,636020962,1.2037203932,103.669789765,0.154333,0.287005,4.18704,241.699,4.17133691227,238.997,2023-06-01 10:19:58,True,1.27744507716,103.749568755,0.874556,0.999756
MSC ANA CAMILA III,5LBP2   ,9261827,LR,,CS,25703,636020962,1.20371317143,103.669761248,0.154333,0.287005,4.18355,241.699,4.17133691227,238.997,2023-06-01 10:20:08,True,1.27737773591,103.749575874,0.823111,1.99951
MSC ANA CAMILA III,5LBP2   ,9261827,LR,,CS,25703,636020962,1.20369720155,103.669727433,0.154333,0.383386,4.18355,239.534,4.17133691227,238.997,2023-06-01 10:20:18,True,1.27732572605,103.749572708,0.823111,1.99951
MSC ANA CAMILA III,5LBP2   ,9261827,LR,,CS,25703,636020962,1.20368178813,103.669694389,0.205778,0.383386,4.18355,239.534,4.17133691227,238.997,2023-06-01 10:20:28,True,1.27729735071,103.749509724,0.823111,50.9985
MSC ANA CAMILA III,5LBP2   ,9261827,LR,,CS,25703,636020962,1.20367518974,103.669677279,0.205778,0.384862,3.93921,225.0,4.17133691227,238.997,2023-06-01 10:20:38,True,1.27724480169,103.749299456,1.49189,88.9948
MSC ANA CAMILA III,5LBP2   ,9261827,LR,,CS,25703,636020962,1.20365839037,103.669653589,0.205778,0.384862,3.94444,225.0,4.18879020479,239.996,2023-06-01 10:20:48,True,1.27725444596,103.749133516,1.74911,90.0
MSC ANA CAMILA III,5LBP2   ,9261827,LR,,CS,25703,636020962,1.20364937696,103.66964285,0.205778,0.384862,3.95143,225.0,4.18879020479,239.996,2023-06-01 10:20:58,True,1.27722157809,103.748973984,1.389,72.9987
MSC ANA CAMILA III,5LBP2   ,9261827,LR,,CS,25703,636020962,1.20363745857,103.66964178,0.257222,0.482841,4.00379,229.899,4.18879020479,239.996,2023-06-01 10:21:08,True,1.27719529113,103.748875611,1.33756,60.9961
MSC ANA CAMILA III,5LBP2   ,9261827,LR,,CS,25703,636020962,1.20361334316,103.669632902,0.257222,0.482841,4.01077,229.899,4.20624349731,240.996,2023-06-01 10:21:18,True,1.27717935269,103.748805238,1.28611,53.9978
MSC ANA CAMILA III,5LBP2   ,9261827,LR,,CS,25703,636020962,1.20361204099,103.669640343,0.257222,0.482841,4.016,229.899,4.20624349731,240.996,2023-06-01 10:21:28,True,1.27713036784,103.748750494,0.771667,37.9962
MSC ANA CAMILA III,5LBP2   ,9261827,LR,,CS,25703,636020962,1.20360918809,103.669636149,0.205778,0.385842,3.97411,229.086,4.20624349731,240.996,2023-06-01 10:21:38,True,1.27709744846,103.74871222,0.926,32.9974
MSC ANA CAMILA III,5LBP2   ,9261827,LR,,CS,25703,636020962,1.20358953625,103.669614828,0.257222,0.482841,4.02822,229.899,4.22369678983,241.996,2023-06-01 10:21:48,True,1.27703761941,103.748657362,1.02889,30.9979
MSC ANA CAMILA III,5LBP2   ,9261827,LR,,CS,25703,636020962,1.20358087583,103.669600017,0.257222,0.497867,4.03695,231.34,4.22369678983,241.996,2023-06-01 10:21:58,True,1.27689302518,103.748550263,1.33756,25.9991
MSC ANA CAMILA III,5LBP2   ,9261827,LR,,CS,25703,636020962,1.20356207583,103.669572537,0.257222,0.485961,4.04567,233.13,4.24115008235,242.996,2023-06-01 10:22:08,True,1.27682547041,103.748490019,1.33756,25.9991
MSC ANA CAMILA III,5LBP2   ,9261827,LR,,CS,25703,636020962,1.2035520069,103.669559832,0.257222,0.485961,4.04567,233.13,4.24115008235,242.996,2023-06-01 10:22:18,True,1.27664451018,103.748398838,1.389,18.9954
MSC ANA CAMILA III,5LBP2   ,9261827,LR,,CS,25703,636020962,1.2035404983,103.669545302,0.257222,0.485961,4.04567,233.13,4.24115008235,242.996,2023-06-01 10:22:28,True,1.27655727142,103.748356705,1.33756,19.9951
MSC ANA CAMILA III,5LBP2   ,9261827,LR,,CS,25703,636020962,1.20353248535,103.669505572,0.257222,0.485961,4.07011,233.13,4.25860337487,243.995,2023-06-01 10:22:38,True,1.27647872068,103.748310957,1.28611,21.9946
MSC ANA CAMILA III,5LBP2   ,9261827,LR,,CS,25703,636020962,1.20351898065,103.669489006,0.257222,0.485961,4.07709,233.13,4.27605666739,244.995,2023-06-01 10:22:48,True,1.27631636578,103.748227436,1.389,26.9989
MSC ANA CAMILA III,5LBP2   ,9261827,LR,,CS,25703,636020962,1.20350983915,103.669477898,0.257222,0.485961,4.08233,233.13,4.27605666739,244.995,2023-06-01 10:22:58,True,1.27623610508,103.748183636,1.54333,25.9991
MSC ANA CAMILA III,5LBP2   ,9261827,LR,,CS,25703,636020962,1.20348774936,103.669450383,0.257222,0.485961,4.08582,233.13,4.27605666739,244.995,2023-06-01 10:23:08,True,1.27612997344,103.748120865,1.69767,13.9966
MSC ANA CAMILA III,5LBP2   ,9261827,LR,,CS,25703,636020962,1.20348708124,103.669430447,0.257222,0.382893,4.08582,246.038,4.27605666739,244.995,2023-06-01 10:23:18,True,1.27586581848,103.748104265,1.80056,351.996
MSC ANA CAMILA III,5LBP2   ,9261827,LR,,CS,25703,636020962,1.20348348996,103.669412197,0.205778,0.382893,4.28653,246.038,4.27605666739,244.995,2023-06-01 10:23:28,True,1.27573944811,103.748128322,1.74911,347.997
MSC ANA CAMILA III,5LBP2   ,9261827,LR,,CS,25703,636020962,1.20347567205,103.669383715,0.205778,0.382893,4.28653,246.038,4.27605666739,244.995,2023-06-01 10:23:38,True,1.27565224399,103.74815228,1.44044,348.997
MSC ANA CAMILA III,5LBP2   ,9261827,LR,,CS,25703,636020962,1.20346797947,103.669380434,0.205778,0.382893,4.28653,246.038,4.27605666739,244.995,2023-06-01 10:23:48,True,1.27570399232,103.748158035,0.257222,13.9966
MSC ANA CAMILA III,5LBP2   ,9261827,LR,,CS,25703,636020962,1.2034604769,103.669379241,0.154333,0.296078,4.28653,246.801,4.27605666739,244.995,2023-06-01 10:23:58,True,1.27582479975,103.748200719,1.33756,19.9951
MSC ANA CAMILA III,5LBP2   ,9261827,LR,,CS,25703,636020962,1.20345208139,103.669363781,0.154333,0.296078,4.28653,246.801,4.27605666739,244.995,2023-06-01 10:24:08,True,1.27603411167,103.748272927,2.315,30.9979
MSC ANA CAMILA III,5LBP2   ,9261827,LR,,CS,25703,636020962,1.20344214195,103.669372574,0.154333,0.296078,4.28653,246.801,4.27605666739,244.995,2023-06-01 10:24:18,True,1.27647724941,103.748540715,3.49822,31.9977
MSC ANA CAMILA III,5LBP2   ,9261827,LR,,CS,25703,636020962,1.20342937155,103.669375032,0.154333,0.296078,4.29176,246.801,4.27605666739,244.995,2023-06-01 10:24:28,True,1.27666207983,103.748652393,3.96122,28.9984
MSC ANA CAMILA III,5LBP2   ,9261827,LR,,CS,25703,636020962,1.20341834114,103.669379771,0.102889,0.179214,3.83274,220.601,4.29350995991,245.995,2023-06-01 10:24:38,True,1.27700443987,103.748823338,4.37278,25.9991
MSC ANA CAMILA III,5LBP2   ,9261827,LR,,CS,25703,636020962,1.20341385047,103.669383175,0.102889,0.179214,3.84322,220.601,4.29350995991,245.995,2023-06-01 10:24:48,True,1.27755904401,103.749026751,4.63,17.9956
MSC ANA CAMILA III,5LBP2   ,9261827,LR,,CS,25703,636020962,1.20340368504,103.669380123,0.102889,0.179214,3.85369,220.601,4.31096325243,246.995,2023-06-01 10:24:58,True,1.27789200549,103.749128165,4.73289,14.9963
MSC ANA CAMILA III,5LBP2   ,9261827,LR,,CS,25703,636020962,1.20340085439,103.669378543,0.102889,0.179214,3.86765,220.601,4.32841654495,248.0,2023-06-01 10:25:08,True,1.27853549834,103.749222811,4.99011,3.99902
MSC ANA CAMILA III,5LBP2   ,9261827,LR,,CS,25703,636020962,1.2033996353,103.669373682,0.102889,0.179214,3.88336,220.601,4.34586983747,249.0,2023-06-01 10:25:18,True,1.27888347618,103.749220191,5.29878,2.99927
MSC ANA CAMILA III,5LBP2   ,9261827,LR,,CS,25703,636020962,1.2033933198,103.669360661,0.102889,0.0869314,3.88336,206.565,4.34586983747,249.0,2023-06-01 10:25:28,True,1.27924866251,103.749216913,5.50456,6.99829
MSC ANA CAMILA III,5LBP2   ,9261827,LR,,CS,25703,636020962,1.20339251161,103.669359345,0.0514444,0.0869314,3.59189,206.565,4.36332312999,249.999,2023-06-01 10:25:38,True,1.2800854601,103.749320467,5.71033,15.9961
MSC ANA CAMILA III,5LBP2   ,9261827,LR,,CS,25703,636020962,1.20338211227,103.669358258,0.0514444,0.0869314,3.61283,206.565,4.39822971503,251.999,2023-06-01 10:25:48,True,1.28043385876,103.749407314,5.71033,15.9961
MSC ANA CAMILA III,5LBP2   ,9261827,LR,,CS,25703,636020962,1.20338002385,103.669362224,0.0,0.0,4.41917,0.0,4.41568300755,252.999,2023-06-01 10:25:58,True,1.28088606062,103.749524703,5.71033,19.9951
MSC ANA CAMILA III,5LBP2   ,9261827,LR,,CS,25703,636020962,1.20337336026,103.669360557,0.0,0.0,4.41917,0.0,4.41568300755,252.999,2023-06-01 10:26:08,True,1.28160077649,103.749815217,5.71033,24.9994
MSC ANA CAMILA III,5LBP2   ,9261827,LR,,CS,25703,636020962,1.2033716913,103.669363892,0.0,0.0,4.45757,0.0,4.45058959259,254.998,2023-06-01 10:26:18,True,1.28193215118,103.749963059,5.71033,24.9994
MSC ANA CAMILA III,5LBP2   ,9261827,LR,,CS,25703,636020962,1.20336502749,103.669358891,0.0,0.0,4.47502,0.0,4.46804288511,255.998,2023-06-01 10:26:28,True,1.2822696174,103.750108295,5.71033,23.9996
MSC ANA CAMILA III,5LBP2   ,9261827,LR,,CS,25703,636020962,1.20337335971,103.669352222,0.0,0.0,4.49073,0.0,4.48549617763,256.998,2023-06-01 10:26:38,True,1.28294457731,103.750367257,5.71033,22.9999
MSC ANA CAMILA III,5LBP2   ,9261827,LR,,CS,25703,636020962,1.20337835798,103.669345553,0.0,0.0,4.51342,0.0,4.50294947015,257.997,2023-06-01 10:26:48,True,1.28337283832,103.750560268,5.65889,30.9979
MSC ANA CAMILA III,5LBP2   ,9261827,LR,,CS,25703,636020962,1.20338502587,103.669345552,0.0,0.0,4.53611,0.0,4.52040276267,258.997,2023-06-01 10:26:58,True,1.28373789649,103.750751956,5.65889,31.9977
MSC ANA CAMILA III,5LBP2   ,9261827,LR,,CS,25703,636020962,1.20338792258,103.669344482,0.0514444,0.0971922,4.55531,270.0,4.55530934771,260.997,2023-06-01 10:27:08,True,1.28445458254,103.751177076,5.65889,37.9962
MSC ANA CAMILA III,5LBP2   ,9261827,LR,,CS,25703,636020962,1.20339187508,103.66934943,0.0514444,0.0971922,3.79086,216.87,4.57276264023,261.996,2023-06-01 10:27:18,True,1.28469251976,103.751369199,5.65889,42.995
MSC ANA CAMILA III,5LBP2   ,9261827,LR,,CS,25703,636020962,1.2033904446,103.669353256,0.0514444,0.0971922,3.79086,216.87,4.57276264023,261.996,2023-06-01 10:27:28,True,1.28488208956,103.751542064,5.65889,46.9995
MSC ANA CAMILA III,5LBP2   ,9261827,LR,,CS,25703,636020962,1.20339454738,103.669360451,0.0514444,0.0824703,3.79086,225.0,4.57276264023,263.996,2023-06-01 10:27:38,True,1.28545764729,103.752218377,5.65889,54.9976
MSC ANA CAMILA III,5LBP2   ,9261827,LR,,CS,25703,636020962,1.20340397092,103.669362977,0.0514444,0.0824703,3.85718,225.0,4.6425758103,265.995,2023-06-01 10:27:48,True,1.28567583173,103.752507796,5.65889,54.9976
MSC ANA CAMILA III,5LBP2   ,9261827,LR,,CS,25703,636020962,1.20342597996,103.669371504,0.102889,0.191446,0.417134,23.9625,4.66002910282,266.995,2023-06-01 10:27:58,True,1.28593072847,103.752830357,5.65889,58.9966
MSC ANA CAMILA III,5LBP2   ,9261827,LR,,CS,25703,636020962,1.20343804023,103.669381314,0.154333,0.283028,0.294961,15.9454,4.67748239534,267.995,2023-06-01 10:28:08,True,1.28634688916,103.753552866,5.71033,65.9949
MSC ANA CAMILA III,5LBP2   ,9261827,LR,,CS,25703,636020962,1.20344738431,103.669384138,0.154333,0.283028,0.315905,15.9454,4.69493568786,268.995,2023-06-01 10:28:18,True,1.28648485294,103.753837077,5.76178,68.9996
MSC ANA CAMILA III,5LBP2   ,9261827,LR,,CS,25703,636020962,1.20345608538,103.66934639,0.102889,0.192431,5.53444,315.0,4.74729556542,272.0,2023-06-01 10:28:28,True,1.28665157849,103.754159421,5.76178,73.9984
MSC ANA CAMILA III,5LBP2   ,9261827,LR,,CS,25703,636020962,1.20345799993,103.669317539,0.205778,0.383386,5.23424,300.466,4.76474885794,272.999,2023-06-01 10:28:38,True,1.28687976674,103.754916809,5.76178,68.9996
MSC ANA CAMILA III,5LBP2   ,9261827,LR,,CS,25703,636020962,1.2034632587,103.669244184,0.360111,0.699784,4.70192,270.0,4.83456202802,276.998,2023-06-01 10:28:48,True,1.28703956413,103.755250518,5.76178,61.9958
MSC ANA CAMILA III,5LBP2   ,9261827,LR,,CS,25703,636020962,1.20346904107,103.669208752,0.411556,0.797213,4.74904,271.397,4.86946861306,278.998,2023-06-01 10:28:58,True,1.2872511116,103.755608636,5.71033,55.9973
MSC ANA CAMILA III,5LBP2   ,9261827,LR,,CS,25703,636020962,1.20347490717,103.669170776,0.514444,0.991361,4.70715,270.0,4.9043751981,280.997,2023-06-01 10:29:08,False,1.28780292276,103.756181198,5.71033,46.9995
MSC ANA CAMILA III,5LBP2   ,9261827,LR,,CS,25703,636020962,1.20347386669,103.669063376,0.617333,1.1859,4.70715,270.939,4.93928178314,282.997,2023-06-01 10:29:18,False,1.28810838364,103.75647122,5.71033,45.9998
MSC ANA CAMILA III,5LBP2   ,9261827,LR,,CS,25703,636020962,1.20346893967,103.669012818,0.720222,1.38068,4.74206,271.614,5.00909495322,286.996,2023-06-01 10:29:28,False,1.2886283831,103.756928061,5.81322,45.0
MSC ANA CAMILA III,5LBP2   ,9261827,LR,,CS,25703,636020962,1.20346856488,103.668954924,0.720222,1.38232,4.76998,273.225,5.04400153826,288.995,2023-06-01 10:29:38,False,1.28895414295,103.757202578,5.81322,45.9998
MSC ANA CAMILA III,5LBP2   ,9261827,LR,,CS,25703,636020962,1.20348756471,103.668800808,0.874556,1.79351,4.80489,274.351,5.0789081233,290.995,2023-06-01 10:29:48,False,1.28926411664,103.757490617,5.81322,45.9998
MSC ANA CAMILA III,5LBP2   ,9261827,LR,,CS,25703,636020962,1.20350933301,103.668709218,1.02889,1.9909,4.87994,279.554,5.1661745859,295.999,2023-06-01 10:29:58,False,1.28983420869,103.758054667,5.86467,45.9998
MSC ANA CAMILA III,5LBP2   ,9261827,LR,,CS,25703,636020962,1.20354641206,103.668501822,1.23467,2.36671,4.96546,284.265,5.2534410485,300.998,2023-06-01 10:30:08,False,1.29010172285,103.758310452,5.86467,45.9998
MSC ANA CAMILA III,5LBP2   ,9261827,LR,,CS,25703,636020962,1.2035733064,103.668399299,1.28611,2.45271,5.02655,288.004,5.28834763354,302.997,2023-06-01 10:30:18,False,1.29051172911,103.758739701,5.04156,46.9995
MSC ANA CAMILA III,5LBP2   ,9261827,LR,,CS,25703,636020962,1.2036111534,103.668318132,1.28611,2.65055,5.02655,290.163,5.28834763354,302.997,2023-06-01 10:30:28,False,1.29073780161,103.75896353,5.04156,46.9995
MSC ANA CAMILA III,5LBP2   ,9261827,LR,,CS,25703,636020962,1.2036821406,103.668162574,1.28611,2.91512,5.02655,294.001,5.28834763354,309.996,2023-06-01 10:30:38,False,1.2909638741,103.759187367,3.54967,47.9993
MSC ANA CAMILA III,5LBP2   ,9261827,LR,,CS,25703,636020962,1.20373600663,103.668057768,1.64622,3.12095,5.17665,297.044,5.5152404363,316.0,2023-06-01 10:30:48,False,1.29103794251,103.759230493,3.18956,52.998
MSC ANA CAMILA III,5LBP2   ,9261827,LR,,CS,25703,636020962,1.20386797026,103.667877425,1.74911,3.32164,5.27788,302.574,5.58505360638,319.999,2023-06-01 10:30:58,False,1.2911677859,103.759355477,3.18956,52.998
MSC ANA CAMILA III,5LBP2   ,9261827,LR,,CS,25703,636020962,1.20396841961,103.667784515,1.90344,3.61168,5.34594,306.685,5.67232006898,324.998,2023-06-01 10:31:08,False,1.29132138616,103.759532819,2.93233,62.9956
MSC ANA CAMILA III,5LBP2   ,9261827,LR,,CS,25703,636020962,1.20406174193,103.667693499,1.90344,3.62875,5.34594,310.002,5.67232006898,324.998,2023-06-01 10:31:18,False,1.29144624639,103.759723272,1.852,81.9965
MSC ANA CAMILA III,5LBP2   ,9261827,LR,,CS,25703,636020962,1.20418391197,103.667589601,1.90344,4.0004,5.34594,314.016,5.67232006898,324.998,2023-06-01 10:31:28,False,1.29145958506,103.759802455,1.49189,98.9978
MSC ANA CAMILA III,5LBP2   ,9261827,LR,,CS,25703,636020962,1.20443695698,103.667401951,2.10922,4.17474,5.5484,318.965,5.91666616426,339.0,2023-06-01 10:31:38,False,1.29146439551,103.759909464,0.874556,120.998
MSC ANA CAMILA III,5LBP2   ,9261827,LR,,CS,25703,636020962,1.2045591062,103.667316953,2.10922,4.34104,5.5484,325.029,5.91666616426,339.0,2023-06-01 10:31:48,False,1.29145580986,103.759935947,0.874556,120.998
MSC ANA CAMILA III,5LBP2   ,9261827,LR,,CS,25703,636020962,1.20469853523,103.667242202,2.10922,4.48034,5.5484,326.861,5.91666616426,339.0,2023-06-01 10:31:58,False,1.29144563447,103.759961341,0.463,154.995
MSC ANA CAMILA III,5LBP2   ,9261827,LR,,CS,25703,636020962,1.20499930176,103.667116146,2.41789,4.6559,5.85907,336.11,6.10865238198,349.997,2023-06-01 10:32:08,False,1.29144024119,103.759980093,0.360111,168.997
MSC ANA CAMILA III,5LBP2   ,9261827,LR,,CS,25703,636020962,1.20518364591,103.667067751,2.46933,4.74366,5.91143,339.114,6.17846555206,353.996,2023-06-01 10:32:18,False,1.29143100436,103.760011253,0.205778,188.998
MSC ANA CAMILA III,5LBP2   ,9261827,LR,,CS,25703,636020962,1.20555921251,103.667013517,2.67511,5.11109,6.04757,346.809,0.0,356.995,2023-06-01 10:32:28,False,1.29140317424,103.76003098,0.308667,196.996
MSC ANA CAMILA III,5LBP2   ,9261827,LR,,CS,25703,636020962,1.20571140249,103.666992623,2.778,5.21128,6.12436,348.816,0.0349065850399,1.99951,2023-06-01 10:32:38,False,1.29139112681,103.760064245,0.257222,208.998
MSC ANA CAMILA III,5LBP2   ,9261827,LR,,CS,25703,636020962,1.20610567588,103.666958447,2.88089,5.40095,6.19068,353.387,0.13962634016,7.99805,2023-06-01 10:32:48,False,1.29138852847,103.760074889,0.205778,213.997
MSC ANA CAMILA III,5LBP2   ,9261827,LR,,CS,25703,636020962,1.20631147151,103.666966751,2.93233,5.60802,6.21686,356.622,0.174532925199,9.99756,2023-06-01 10:32:58,False,1.29138507285,103.760068493,0.0514444,214.997
MSC ANA CAMILA III,5LBP2   ,9261827,LR,,CS,25703,636020962,1.20631147151,103.666966751,2.93233,5.60802,6.21686,356.622,0.174532925199,9.99756,2023-06-01 10:33:08,False,1.29139169215,103.760067229,0.0,212.997
MSC ANA CAMILA III,5LBP2   ,9261827,LR,,CS,25703,636020962,1.20699673542,103.667011859,3.13811,6.01453,0.0523599,2.96412,0.314159265359,17.9956,2023-06-01 10:33:18,False,1.29139479004,103.760072397,0.0514444,211.998
MSC ANA CAMILA III,5LBP2   ,9261827,LR,,CS,25703,636020962,1.20717435019,103.667033766,3.18956,6.10519,0.0837758,4.74849,0.366519142919,20.9949,2023-06-01 10:33:28,False,1.29137715012,103.760048416,0.0514444,211.998
MSC ANA CAMILA III,5LBP2   ,9261827,LR,,CS,25703,636020962,1.20736426458,103.667078643,3.34389,6.40526,0.146608,8.37601,0.453785605519,25.9991,2023-06-01 10:33:38,False,1.29128239231,103.759971447,0.874556,227.0
MSC ANA CAMILA III,5LBP2   ,9261827,LR,,CS,25703,636020962,1.20785461641,103.667224373,3.44678,6.64775,0.256563,14.5645,0.558505360638,31.9977,2023-06-01 10:33:48,False,1.29119951085,103.759893117,1.23467,232.998
MSC ANA CAMILA III,5LBP2   ,9261827,LR,,CS,25703,636020962,1.20803847446,103.667301401,3.44678,6.68199,0.314159,17.9606,0.645771823238,36.9965,2023-06-01 10:33:58,False,1.29106527174,103.759712475,1.33756,234.998
MSC ANA CAMILA III,5LBP2   ,9261827,LR,,CS,25703,636020962,1.20825565584,103.667400801,3.49822,6.77209,0.397935,22.4428,0.680678408278,38.996,2023-06-01 10:34:08,False,1.29093898178,103.759550066,1.33756,237.997
MSC ANA CAMILA III,5LBP2   ,9261827,LR,,CS,25703,636020962,1.20869096758,103.667658778,3.54967,6.86813,0.485202,27.2903,0.767944870878,43.9948,2023-06-01 10:34:18,False,1.29085823387,103.759429819,2.46933,239.996
MSC ANA CAMILA III,5LBP2   ,9261827,LR,,CS,25703,636020962,1.20891819789,103.667801629,3.704,7.16414,0.544543,30.6705,0.837758040957,47.9993,2023-06-01 10:34:28,False,1.29061302871,103.75899193,3.08667,232.998
MSC ANA CAMILA III,5LBP2   ,9261827,LR,,CS,25703,636020962,1.20933757971,103.668095073,3.75544,7.25843,0.619592,34.9669,0.925024503557,52.998,2023-06-01 10:34:38,False,1.29044941264,103.758796433,3.49822,239.996
MSC ANA CAMILA III,5LBP2   ,9261827,LR,,CS,25703,636020962,1.20956127215,103.668291888,3.75544,7.44698,0.619592,38.216,0.925024503557,54.9976,2023-06-01 10:34:48,False,1.29029981138,103.758571996,3.49822,240.996
MSC ANA CAMILA III,5LBP2   ,9261827,LR,,CS,25703,636020962,1.20978114934,103.668489177,3.75544,7.41696,0.619592,39.3634,0.925024503557,57.9968,2023-06-01 10:34:58,False,1.28999546913,103.758072264,4.167,240.996
MSC ANA CAMILA III,5LBP2   ,9261827,LR,,CS,25703,636020962,1.21014683529,103.66892307,3.96122,7.616,0.76969,46.0341,1.08210413624,61.9958,2023-06-01 10:35:08,False,1.28980734623,103.757787002,4.167,240.996
MSC ANA CAMILA III,5LBP2   ,9261827,LR,,CS,25703,636020962,1.21027438434,103.669089882,4.01267,7.68397,0.842994,48.4868,1.15191730632,65.9949,2023-06-01 10:35:18,False,1.28952551875,103.757247633,4.73289,241.996
MSC ANA CAMILA III,5LBP2   ,9261827,LR,,CS,25703,636020962,1.21043572074,103.669350597,4.06411,7.77538,0.935496,53.1301,1.16937059884,66.9946,2023-06-01 10:35:28,False,1.28934249334,103.756948393,4.73289,239.996
MSC ANA CAMILA III,5LBP2   ,9261827,LR,,CS,25703,636020962,1.21069075521,103.669856028,4.21844,8.10592,1.08909,61.6527,1.20427718388,68.9996,2023-06-01 10:35:38,False,1.28915111771,103.756653487,4.78433,239.996
MSC ANA CAMILA III,5LBP2   ,9261827,LR,,CS,25703,636020962,1.21078243775,103.670072032,4.26989,8.23241,1.11701,63.4955,1.20427718388,68.9996,2023-06-01 10:35:48,False,1.28899603496,103.756395005,4.78433,239.996
MSC ANA CAMILA III,5LBP2   ,9261827,LR,,CS,25703,636020962,1.21094846972,103.670423335,4.32133,8.35415,1.11527,63.6138,1.2217304764,69.9994,2023-06-01 10:35:58,False,1.2886314106,103.755865336,4.78433,240.996
MSC ANA CAMILA III,5LBP2   ,9261827,LR,,CS,25703,636020962,1.21115219275,103.670938158,4.47567,8.57167,1.15366,66.0507,1.2217304764,69.9994,2023-06-01 10:36:08,False,1.28843302951,103.755580724,4.78433,241.996
MSC ANA CAMILA III,5LBP2   ,9261827,LR,,CS,25703,636020962,1.21127746507,103.671267071,4.68144,8.96711,1.1781,67.4375,1.2217304764,69.9994,2023-06-01 10:36:18,False,1.28815182392,103.7550333,4.78433,240.996
MSC ANA CAMILA III,5LBP2   ,9261827,LR,,CS,25703,636020962,1.21141348061,103.671589315,4.73289,9.14363,1.18159,67.6331,1.2217304764,69.9994,2023-06-01 10:36:28,False,1.28794747885,103.754740379,4.83578,238.997
MSC ANA CAMILA III,5LBP2   ,9261827,LR,,CS,25703,636020962,1.21162733834,103.672179633,4.93867,9.71059,1.20253,68.8801,1.2217304764,69.9994,2023-06-01 10:36:38,False,1.28779174685,103.754483415,4.83578,238.997
MSC ANA CAMILA III,5LBP2   ,9261827,LR,,CS,25703,636020962,1.21173910887,103.67247108,5.04156,9.79013,1.20079,68.938,1.2217304764,69.9994,2023-06-01 10:36:48,False,1.28743258223,103.753951824,4.93867,241.996
MSC ANA CAMILA III,5LBP2   ,9261827,LR,,CS,25703,636020962,1.211884411,103.672864134,5.14444,10.0358,1.20079,69.0023,1.2217304764,69.9994,2023-06-01 10:36:58,False,1.28726823899,103.753687297,4.93867,241.996
MSC ANA CAMILA III,5LBP2   ,9261827,LR,,CS,25703,636020962,1.21212798982,103.673497498,5.14444,10.2953,1.20079,68.8615,1.2217304764,69.9994,2023-06-01 10:37:08,False,1.28710694268,103.753423585,4.93867,241.996
MSC ANA CAMILA III,5LBP2   ,9261827,LR,,CS,25703,636020962,1.21225044565,103.673843118,5.40167,10.5064,1.21126,69.4191,1.2217304764,69.9994,2023-06-01 10:37:18,False,1.28677990624,103.752859317,4.99011,239.996
MSC ANA CAMILA III,5LBP2   ,9261827,LR,,CS,25703,636020962,1.21249008634,103.674491803,5.40167,10.6725,1.21126,69.4195,1.2217304764,69.9994,2023-06-01 10:37:28,False,1.28659659504,103.752604696,4.99011,236.997
MSC ANA CAMILA III,5LBP2   ,9261827,LR,,CS,25703,636020962,1.21264683914,103.674895474,5.60744,10.8731,1.20253,68.9404,1.2217304764,69.9994,2023-06-01 10:37:38,False,1.28636264249,103.752279529,4.99011,232.998
MSC ANA CAMILA III,5LBP2   ,9261827,LR,,CS,25703,636020962,1.21281281889,103.675335224,5.60744,11.0661,1.20253,69.4322,1.2217304764,69.9994,2023-06-01 10:37:48,False,1.28591876284,103.751831637,4.93867,222.995
MSC ANA CAMILA III,5LBP2   ,9261827,LR,,CS,25703,636020962,1.21308499988,103.676126616,5.71033,11.0479,1.21126,69.3968,1.2217304764,69.9994,2023-06-01 10:37:58,False,1.28566808344,103.751631695,4.99011,223.995
MSC ANA CAMILA III,5LBP2   ,9261827,LR,,CS,25703,636020962,1.21322844138,103.676434277,5.86467,11.3281,1.20253,68.9837,1.2217304764,69.9994,2023-06-01 10:38:08,False,1.2851491281,103.751190518,4.99011,221.995
MSC ANA CAMILA III,5LBP2   ,9261827,LR,,CS,25703,636020962,1.21334994208,103.676764735,5.96756,11.5575,1.213,69.5229,1.2217304764,69.9994,2023-06-01 10:38:18,False,1.28485598365,103.75095949,5.04156,220.995
MSC ANA CAMILA III,5LBP2   ,9261827,LR,,CS,25703,636020962,1.21364342585,103.677506252,6.12189,11.8012,1.20428,69.0573,1.2217304764,69.9994,2023-06-01 10:38:28,False,1.28463252679,103.750789504,5.04156,218.996
MSC ANA CAMILA III,5LBP2   ,9261827,LR,,CS,25703,636020962,1.21380463517,103.677931069,6.17333,11.8965,1.213,69.433,1.2217304764,69.9994,2023-06-01 10:38:38,False,1.28402758145,103.750369777,5.04156,216.996
MSC ANA CAMILA III,5LBP2   ,9261827,LR,,CS,25703,636020962,1.21397778903,103.678352481,6.17333,11.924,1.20428,69.0832,1.2217304764,69.9994,2023-06-01 10:38:48,False,1.28372321072,103.750165266,5.093,213.997
MSC ANA CAMILA III,5LBP2   ,9261827,LR,,CS,25703,636020962,1.2142800452,103.679140573,6.22478,12.0105,1.20428,69.0424,1.2217304764,69.9994,2023-06-01 10:38:58,False,1.28339915879,103.749994302,5.093,210.998
MSC ANA CAMILA III,5LBP2   ,9261827,LR,,CS,25703,636020962,1.21442021105,103.679536593,6.37911,12.2833,1.213,69.5289,1.2217304764,69.9994,2023-06-01 10:39:08,False,1.28286546418,103.749719154,5.093,206.999
MSC ANA CAMILA III,5LBP2   ,9261827,LR,,CS,25703,636020962,1.21457911088,103.679965781,6.37911,12.5018,1.213,69.1416,1.2217304764,69.9994,2023-06-01 10:39:18,False,1.28248839685,103.749549868,5.04156,204.0
MSC ANA CAMILA III,5LBP2   ,9261827,LR,,CS,25703,636020962,1.21486197926,103.680723865,6.53344,12.6222,1.21126,69.444,1.20427718388,68.9996,2023-06-01 10:39:28,False,1.28186724423,103.749383804,5.04156,195.996
MSC ANA CAMILA III,5LBP2   ,9261827,LR,,CS,25703,636020962,1.21501613791,103.681108092,6.58489,12.8065,1.213,69.4745,1.2217304764,69.9994,2023-06-01 10:39:38,False,1.28159894173,103.749312115,5.04156,190.997
MSC ANA CAMILA III,5LBP2   ,9261827,LR,,CS,25703,636020962,1.21527127369,103.681781048,6.63633,12.9205,1.20602,69.111,1.2217304764,69.9994,2023-06-01 10:39:48,False,1.28136623891,103.749303938,4.99011,184.999
MSC ANA CAMILA III,5LBP2   ,9261827,LR,,CS,25703,636020962,1.21545346611,103.682271603,6.68778,13.0227,1.21126,69.3739,1.2217304764,69.9994,2023-06-01 10:39:58,False,1.28060487096,103.749324957,4.99011,181.0
MSC ANA CAMILA III,5LBP2   ,9261827,LR,,CS,25703,636020962,1.21560178807,103.682675521,6.68778,13.1047,1.21126,69.1455,1.2217304764,69.9994,2023-06-01 10:40:08,False,1.28027426343,103.749454704,4.83578,158.0
MSC ANA CAMILA III,5LBP2   ,9261827,LR,,CS,25703,636020962,1.215946222,103.68358828,6.79067,13.1774,1.20777,69.2659,1.2217304764,69.9994,2023-06-01 10:40:18,False,1.28002567768,103.749551798,4.83578,154.995
MSC ANA CAMILA III,5LBP2   ,9261827,LR,,CS,25703,636020962,1.21607228017,103.683936937,6.84211,13.289,1.20602,69.1791,1.2217304764,69.9994,2023-06-01 10:40:28,False,1.27952768839,103.749949227,4.83578,145.997
MSC ANA CAMILA III,5LBP2   ,9261827,LR,,CS,25703,636020962,1.21625126529,103.684410382,6.84211,13.2798,1.213,69.5225,1.2217304764,69.9994,2023-06-01 10:40:38,False,1.27923754307,103.750161903,4.93867,142.998
MSC ANA CAMILA III,5LBP2   ,9261827,LR,,CS,25703,636020962,1.21656004766,103.68521799,6.89356,13.4118,1.20602,69.201,1.2217304764,69.9994,2023-06-01 10:40:48,False,1.27899635267,103.75037098,4.93867,139.999
MSC ANA CAMILA III,5LBP2   ,9261827,LR,,CS,25703,636020962,1.21676126077,103.685745748,6.945,13.4802,1.20428,69.1345,1.20427718388,68.9996,2023-06-01 10:40:58,False,1.27843998544,103.75090019,5.04156,143.998
MSC ANA CAMILA III,5LBP2   ,9261827,LR,,CS,25703,636020962,1.21709289026,103.686625481,6.945,13.4845,1.20777,69.3183,1.20427718388,68.9996,2023-06-01 10:41:08,False,1.27822976732,103.751072131,4.99011,137.999
MSC ANA CAMILA III,5LBP2   ,9261827,LR,,CS,25703,636020962,1.21723309104,103.687031401,6.99644,13.5619,1.21475,69.617,1.18682389136,67.9999,2023-06-01 10:41:18,False,1.2779594886,103.751309692,4.99011,137.999
MSC ANA CAMILA III,5LBP2   ,9261827,LR,,CS,25703,636020962,1.21740777441,103.687500933,6.99644,13.5649,1.21475,70.059,1.18682389136,66.9946,2023-06-01 10:41:28,False,1.27745410633,103.751836917,5.04156,138.999
MSC ANA CAMILA III,5LBP2   ,9261827,LR,,CS,25703,636020962,1.21776579231,103.688379647,6.99644,13.5641,1.21126,69.3575,1.15191730632,65.9949,2023-06-01 10:41:38,False,1.2772512963,103.752024345,5.04156,137.0
MSC ANA CAMILA III,5LBP2   ,9261827,LR,,CS,25703,636020962,1.21795225559,103.688754011,6.99644,13.5687,1.18508,67.9547,1.1344640138,64.9951,2023-06-01 10:41:48,False,1.2767965104,103.752490389,5.14444,137.999
MSC ANA CAMILA III,5LBP2   ,9261827,LR,,CS,25703,636020962,1.21813721901,103.689154593,6.99644,13.5613,1.18508,66.3377,1.1344640138,64.9951,2023-06-01 10:41:58,False,1.27655930804,103.752719499,5.14444,136.0
MSC ANA CAMILA III,5LBP2   ,9261827,LR,,CS,25703,636020962,1.21852694904,103.690001893,6.99644,13.5633,1.14319,65.7123,1.1344640138,64.9951,2023-06-01 10:42:08,False,1.27629616766,103.752994641,5.19589,135.0
MSC ANA CAMILA III,5LBP2   ,9261827,LR,,CS,25703,636020962,1.21872836104,103.690398613,6.99644,13.5553,1.14668,65.7872,1.11701072128,63.9954,2023-06-01 10:42:18,False,1.27585471606,103.753542439,5.14444,133.995
MSC ANA CAMILA III,5LBP2   ,9261827,LR,,CS,25703,636020962,1.21896783273,103.690864826,6.99644,13.5697,1.1397,65.4542,1.11701072128,63.9954,2023-06-01 10:42:28,False,1.2756169142,103.753831761,5.14444,133.995
MSC ANA CAMILA III,5LBP2   ,9261827,LR,,CS,25703,636020962,1.21938721849,103.691703701,6.99644,13.5814,1.12399,64.5719,1.11701072128,63.9954,2023-06-01 10:42:38,False,1.27540602903,103.754076725,5.14444,133.995
MSC ANA CAMILA III,5LBP2   ,9261827,LR,,CS,25703,636020962,1.21949979108,103.691999765,6.99644,13.6389,1.12399,65.4074,1.11701072128,63.9954,2023-06-01 10:42:48,False,1.27501706109,103.754536466,5.14444,135.0
MSC ANA CAMILA III,5LBP2   ,9261827,LR,,CS,25703,636020962,1.21968077579,103.692406824,6.945,13.5697,1.1397,65.4542,1.08210413624,61.9958,2023-06-01 10:42:58,False,1.27476983413,103.754828174,5.14444,136.0
MSC ANA CAMILA III,5LBP2   ,9261827,LR,,CS,25703,636020962,1.22007222266,103.693253949,6.945,13.6117,1.13795,65.2649,1.06465084372,60.9961,2023-06-01 10:43:08,False,1.27457713255,103.755023859,5.14444,133.995
MSC ANA CAMILA III,5LBP2   ,9261827,LR,,CS,25703,636020962,1.22034322939,103.69375482,6.945,13.605,1.13795,63.8011,1.06465084372,60.9961,2023-06-01 10:43:18,False,1.27409120892,103.755596771,5.14444,132.995
MSC ANA CAMILA III,5LBP2   ,9261827,LR,,CS,25703,636020962,1.22056328657,103.694186603,6.84211,13.4315,1.09432,62.8787,1.0471975512,59.9963,2023-06-01 10:43:28,False,1.27385333496,103.755884065,5.14444,135.0
MSC ANA CAMILA III,5LBP2   ,9261827,LR,,CS,25703,636020962,1.22094551875,103.694909885,6.84211,13.4148,1.09083,62.6552,1.01229096616,57.9968,2023-06-01 10:43:38,False,1.27360487235,103.756171842,5.19589,135.0
MSC ANA CAMILA III,5LBP2   ,9261827,LR,,CS,25703,636020962,1.22118112394,103.695342177,6.79067,13.3131,1.08036,62.0505,0.994837673637,56.9971,2023-06-01 10:43:48,False,1.27316225087,103.756658646,5.19589,133.995
MSC ANA CAMILA III,5LBP2   ,9261827,LR,,CS,25703,636020962,1.22161440443,103.696093061,6.79067,13.2785,1.06116,60.921,0.977384381117,55.9973,2023-06-01 10:43:58,False,1.2729813573,103.756875407,5.14444,131.995
MSC ANA CAMILA III,5LBP2   ,9261827,LR,,CS,25703,636020962,1.22186339453,103.696460701,6.79067,13.2581,1.06116,59.2235,0.977384381117,55.9973,2023-06-01 10:44:08,False,1.27254513029,103.757436839,5.19589,133.995
MSC ANA CAMILA III,5LBP2   ,9261827,LR,,CS,25703,636020962,1.22215902355,103.696886935,6.79067,13.2153,0.993092,57.1281,0.959931088597,54.9976,2023-06-01 10:44:18,False,1.27226486974,103.757759848,5.24733,132.995
MSC ANA CAMILA III,5LBP2   ,9261827,LR,,CS,25703,636020962,1.22268077157,103.697657926,6.73922,13.1277,0.973894,56.1688,0.959931088597,54.9976,2023-06-01 10:44:28,False,1.2720503016,103.75801241,5.24733,132.995
MSC ANA CAMILA III,5LBP2   ,9261827,LR,,CS,25703,636020962,1.2228930357,103.697959917,6.73922,13.1224,0.972148,56.051,0.942477796077,53.9978,2023-06-01 10:44:38,False,1.27156827199,103.758601037,5.24733,133.995
MSC ANA CAMILA III,5LBP2   ,9261827,LR,,CS,25703,636020962,1.22319044351,103.69837585,6.73922,13.1128,0.965167,55.509,0.942477796077,53.9978,2023-06-01 10:44:48,False,1.2713579293,103.758857223,5.24733,131.995
MSC ANA CAMILA III,5LBP2   ,9261827,LR,,CS,25703,636020962,1.22367919255,103.699084457,6.73922,13.0279,0.965167,55.148,0.942477796077,53.9978,2023-06-01 10:44:58,False,1.27114236375,103.759121553,5.24733,129.996
MSC ANA CAMILA III,5LBP2   ,9261827,LR,,CS,25703,636020962,1.22388837011,103.69939059,6.68778,13.0391,0.958186,55.078,0.942477796077,53.9978,2023-06-01 10:45:08,False,1.27074442018,103.759668461,5.29878,127.996
MSC ANA CAMILA III,5LBP2   ,9261827,LR,,CS,25703,636020962,1.22444586848,103.700168389,6.68778,13.0343,0.958186,54.959,0.942477796077,53.9978,2023-06-01 10:45:18,False,1.27051508938,103.759975313,5.29878,127.996
MSC ANA CAMILA III,5LBP2   ,9261827,LR,,CS,25703,636020962,1.22470503873,103.700495157,6.68778,13.0157,0.949459,54.4822,0.942477796077,53.9978,2023-06-01 10:45:28,False,1.2703208338,103.760313147,5.29878,125.997
MSC ANA CAMILA III,5LBP2   ,9261827,LR,,CS,25703,636020962,1.22498760756,103.700885207,6.68778,12.9913,0.958186,54.9307,0.942477796077,53.9978,2023-06-01 10:45:38,False,1.26994798944,103.760864038,5.29878,125.997
MSC ANA CAMILA III,5LBP2   ,9261827,LR,,CS,25703,636020962,1.22548658573,103.701561646,6.63633,12.8914,0.951204,54.5125,0.959931088597,54.9976,2023-06-01 10:45:48,False,1.26973567391,103.761181717,5.29878,125.997
MSC ANA CAMILA III,5LBP2   ,9261827,LR,,CS,25703,636020962,1.22572154858,103.701894382,6.63633,12.8671,0.959931,54.9654,0.959931088597,54.9976,2023-06-01 10:45:58,False,1.26944534452,103.761643472,5.29878,125.997
MSC ANA CAMILA III,5LBP2   ,9261827,LR,,CS,25703,636020962,1.22593296456,103.702198006,6.63633,12.8719,0.961676,55.086,0.942477796077,53.9978,2023-06-01 10:46:08,False,1.26925971726,103.761925042,5.29878,127.996
MSC ANA CAMILA III,5LBP2   ,9261827,LR,,CS,25703,636020962,1.22644058858,103.702953022,6.63633,13.0093,0.97913,56.025,0.925024503557,52.998,2023-06-01 10:46:18,False,1.26900700989,103.762291132,5.35022,126.996
MSC ANA CAMILA III,5LBP2   ,9261827,LR,,CS,25703,636020962,1.2267188074,103.70334094,6.63633,13.0478,0.973894,55.6234,0.907571211037,51.9983,2023-06-01 10:46:28,False,1.26864036384,103.762847244,5.29878,124.997
MSC ANA CAMILA III,5LBP2   ,9261827,LR,,CS,25703,636020962,1.22700653731,103.703718731,6.63633,12.9344,0.95295,54.5424,0.907571211037,51.9983,2023-06-01 10:46:38,False,1.26844922393,103.763169213,5.14444,124.997
MSC ANA CAMILA III,5LBP2   ,9261827,LR,,CS,25703,636020962,1.22755886655,103.704468252,6.58489,12.8466,0.944223,54.0491,0.890117918517,50.9985,2023-06-01 10:46:48,False,1.26824374243,103.76351583,5.04156,125.997
MSC ANA CAMILA III,5LBP2   ,9261827,LR,,CS,25703,636020962,1.22778136975,103.704759328,6.58489,12.8141,0.933751,53.5125,0.872664625997,49.9988,2023-06-01 10:46:58,False,1.26797542352,103.763970642,5.04156,115.999
MSC ANA CAMILA III,5LBP2   ,9261827,LR,,CS,25703,636020962,1.22802661673,103.705091872,6.58489,12.7594,0.92677,53.1126,0.872664625997,49.9988,2023-06-01 10:47:08,False,1.26786396521,103.76423839,4.11556,111.995
MSC ANA CAMILA III,5LBP2   ,9261827,LR,,CS,25703,636020962,1.22852824581,103.705729468,6.58489,12.7099,0.912807,52.394,0.872664625997,49.9988,2023-06-01 10:47:18,False,1.26772573977,103.764662056,3.60111,102.997
MSC ANA CAMILA III,5LBP2   ,9261827,LR,,CS,25703,636020962,1.22878225347,103.706057887,6.53344,12.7952,0.893609,52.4686,0.855211333477,48.999,2023-06-01 10:47:28,False,1.26769818876,103.764886067,3.44678,100.997
MSC ANA CAMILA III,5LBP2   ,9261827,LR,,CS,25703,636020962,1.22935547903,103.706747135,6.53344,12.7415,0.888373,50.9443,0.872664625997,49.9988,2023-06-01 10:47:38,False,1.26768100316,103.765074628,3.29244,99.9976
MSC ANA CAMILA III,5LBP2   ,9261827,LR,,CS,25703,636020962,1.22965169653,103.707098059,6.53344,12.6511,0.888373,50.6115,0.872664625997,48.999,2023-06-01 10:47:48,False,1.2676259963,103.765508953,3.18956,95.9985
MSC ANA CAMILA III,5LBP2   ,9261827,LR,,CS,25703,636020962,1.22995089996,103.707464953,6.53344,12.569,0.886627,50.6482,0.855211333477,48.999,2023-06-01 10:47:58,False,1.26761095966,103.765746476,3.13811,94.9988
MSC ANA CAMILA III,5LBP2   ,9261827,LR,,CS,25703,636020962,1.23050576013,103.708119438,6.53344,12.7006,0.877901,50.3404,0.855211333477,48.999,2023-06-01 10:48:08,False,1.26759456918,103.765947067,3.13811,94.9988
MSC ANA CAMILA III,5LBP2   ,9261827,LR,,CS,25703,636020962,1.23076779019,103.708430597,6.53344,12.7006,0.877901,50.3404,0.855211333477,48.999,2023-06-01 10:48:18,False,1.26756496024,103.766367194,3.08667,95.9985
MSC ANA CAMILA III,5LBP2   ,9261827,LR,,CS,25703,636020962,1.23103873894,103.708759437,6.53344,12.6732,0.888373,50.352,0.872664625997,49.9988,2023-06-01 10:48:28,False,1.26754725377,103.766559098,3.08667,95.9985
MSC ANA CAMILA III,5LBP2   ,9261827,LR,,CS,25703,636020962,1.23161007606,103.709446932,6.53344,12.6882,0.879646,50.408,0.872664625997,49.9988,2023-06-01 10:48:38,False,1.26752578883,103.766779818,3.08667,94.9988
MSC ANA CAMILA III,5LBP2   ,9261827,LR,,CS,25703,636020962,1.23189976608,103.709786739,6.53344,12.6856,0.877901,50.2844,0.855211333477,48.999,2023-06-01 10:48:48,False,1.26749690407,103.767163055,3.08667,93.999
MSC ANA CAMILA III,5LBP2   ,9261827,LR,,CS,25703,636020962,1.23243017898,103.710426985,6.53344,12.6908,0.872665,49.8461,0.872664625997,49.9988,2023-06-01 10:48:58,False,1.2674854378,103.767356697,3.08667,93.999
MSC ANA CAMILA III,5LBP2   ,9261827,LR,,CS,25703,636020962,1.23270998986,103.710751333,6.53344,12.6783,0.872665,49.9132,0.872664625997,49.9988,2023-06-01 10:49:08,False,1.26747100879,103.767585235,3.08667,93.999
MSC ANA CAMILA III,5LBP2   ,9261827,LR,,CS,25703,636020962,1.23297273368,103.711078849,6.53344,12.7006,0.879646,50.3404,0.872664625997,49.9988,2023-06-01 10:49:18,False,1.26745936254,103.767977589,3.13811,94.9988
MSC ANA CAMILA III,5LBP2   ,9261827,LR,,CS,25703,636020962,1.23350733341,103.711735881,6.53344,12.6608,0.879646,50.4197,0.872664625997,49.9988,2023-06-01 10:49:28,False,1.26745084958,103.768175731,3.13811,94.9988
MSC ANA CAMILA III,5LBP2   ,9261827,LR,,CS,25703,636020962,1.23377537087,103.712047278,6.53344,12.6533,0.872665,50.0479,0.872664625997,49.9988,2023-06-01 10:49:38,False,1.26741989173,103.768581002,3.08667,96.9983
MSC ANA CAMILA III,5LBP2   ,9261827,LR,,CS,25703,636020962,1.23411134004,103.712458263,6.53344,12.6433,0.87441,50.2395,0.872664625997,49.9988,2023-06-01 10:49:48,False,1.26739759034,103.768803302,3.08667,97.998
MSC ANA CAMILA III,5LBP2   ,9261827,LR,,CS,25703,636020962,1.23464077673,103.713102845,6.53344,12.7032,0.879646,50.4638,0.872664625997,49.9988,2023-06-01 10:49:58,False,1.26737744301,103.769024601,3.08667,97.998
MSC ANA CAMILA III,5LBP2   ,9261827,LR,,CS,25703,636020962,1.23493116247,103.713454516,6.482,12.6211,0.879646,50.4995,0.872664625997,49.9988,2023-06-01 10:50:08,False,1.26734088487,103.769239469,1.69767,94.9988
MSC ANA CAMILA III,5LBP2   ,9261827,LR,,CS,25703,636020962,1.23522969538,103.713806205,6.482,12.5514,0.879646,50.4671,0.872664625997,49.9988,2023-06-01 10:50:18,False,1.26732608685,103.769299243,1.23467,93.999
MSC ANA CAMILA III,5LBP2   ,9261827,LR,,CS,25703,636020962,1.23575103185,103.714425429,6.482,12.6211,0.879646,50.4995,0.872664625997,49.9988,2023-06-01 10:50:28,False,1.26731494323,103.76937482,1.23467,93.999
MSC ANA CAMILA III,5LBP2   ,9261827,LR,,CS,25703,636020962,1.23601679306,103.714743978,6.53344,12.6484,0.879646,50.4876,0.872664625997,49.9988,2023-06-01 10:50:38,False,1.26729540598,103.76947674,1.02889,92.9993
MSC ANA CAMILA III,5LBP2   ,9261827,LR,,CS,25703,636020962,1.23659738013,103.715432677,6.53344,12.6732,0.881391,50.352,0.872664625997,49.9988,2023-06-01 10:50:48,False,1.26728871341,103.769509189,1.02889,92.9993
MSC ANA CAMILA III,5LBP2   ,9261827,LR,,CS,25703,636020962,1.23688075882,103.71571997,6.53344,12.6525,0.881391,49.2364,0.872664625997,49.9988,2023-06-01 10:50:58,False,1.26727287195,103.769567453,0.668778,95.9985
MSC ANA CAMILA III,5LBP2   ,9261827,LR,,CS,25703,636020962,1.23716597392,103.716039755,6.53344,12.5883,0.881391,48.631,0.872664625997,49.9988,2023-06-01 10:51:08,False,1.26726429957,103.769591935,0.668778,95.9985
MSC ANA CAMILA III,5LBP2   ,9261827,LR,,CS,25703,636020962,1.23770964773,103.716708214,6.43056,12.3953,0.853466,49.5157,0.959931088597,58.9966,2023-06-01 10:51:18,False,1.2672606183,103.769623524,0.411556,91.9995
MSC ANA CAMILA III,5LBP2   ,9261827,LR,,CS,25703,636020962,1.23798825942,103.717039389,6.43056,12.4915,0.876155,50.2401,1.06465084372,60.9961,2023-06-01 10:51:28,False,1.26725747059,103.769659992,0.411556,88.9948
MSC ANA CAMILA III,5LBP2   ,9261827,LR,,CS,25703,636020962,1.23845888736,103.717685152,6.32767,12.3927,0.937242,51.9437,1.15191730632,65.9949,2023-06-01 10:51:38,False,1.26725346258,103.769672654,0.205778,84.9957
MSC ANA CAMILA III,5LBP2   ,9261827,LR,,CS,25703,636020962,1.23864029235,103.718043542,6.32767,12.2921,0.984366,56.2848,1.18682389136,67.9999,2023-06-01 10:51:48,False,1.2672388283,103.769692345,0.205778,79.9969
MSC ANA CAMILA III,5LBP2   ,9261827,LR,,CS,25703,636020962,1.23875438698,103.718318393,6.27622,12.2025,1.04894,59.8815,1.2217304764,69.9994,2023-06-01 10:51:58,False,1.26723601735,103.769702261,0.205778,76.9977
MSC ANA CAMILA III,5LBP2   ,9261827,LR,,CS,25703,636020962,1.23908346771,103.719016933,6.22478,12.0932,1.12399,64.1763,1.27409035396,72.9987,2023-06-01 10:52:08,False,1.26723082452,103.769715502,0.205778,73.9984
MSC ANA CAMILA III,5LBP2   ,9261827,LR,,CS,25703,636020962,1.23927210576,103.719421654,6.17333,11.9985,1.12748,64.4728,1.29154364648,73.9984,2023-06-01 10:52:18,False,1.26722880548,103.769738624,0.205778,67.9999
MSC ANA CAMILA III,5LBP2   ,9261827,LR,,CS,25703,636020962,1.23942068297,103.71977493,6.17333,11.9921,1.15541,66.0941,1.308996939,74.9982,2023-06-01 10:52:28,False,1.26722819867,103.769740449,0.205778,67.9999
MSC ANA CAMILA III,5LBP2   ,9261827,LR,,CS,25703,636020962,1.23967247545,103.720523288,6.17333,11.9924,1.20777,69.0092,1.34390352404,76.9977,2023-06-01 10:52:38,False,1.26722644216,103.769750391,0.205778,59.9963
MSC ANA CAMILA III,5LBP2   ,9261827,LR,,CS,25703,636020962,1.23978333582,103.720944825,6.17333,12.0671,1.24267,71.0105,1.36135681656,77.9974,2023-06-01 10:52:48,False,1.26720422893,103.769780041,0.205778,51.9983
MSC ANA CAMILA III,5LBP2   ,9261827,LR,,CS,25703,636020962,1.23998029737,103.721709595,6.17333,12.0185,1.28456,73.5582,1.37881010908,78.9972,2023-06-01 10:52:58,False,1.26719165039,103.769794985,0.205778,45.0
MSC ANA CAMILA III,5LBP2   ,9261827,LR,,CS,25703,636020962,1.24006859311,103.722095516,6.17333,11.9855,1.31074,75.1524,1.37881010908,78.9972,2023-06-01 10:53:08,False,1.26716710485,103.769830778,0.257222,34.9969
MSC ANA CAMILA III,5LBP2   ,9261827,LR,,CS,25703,636020962,1.2401560081,103.722532225,6.17333,11.9938,1.3282,76.1214,1.3962634016,79.9969,2023-06-01 10:53:18,False,1.2671578899,103.769844651,0.257222,28.9984
MSC ANA CAMILA III,5LBP2   ,9261827,LR,,CS,25703,636020962,1.24033909475,103.723344774,6.17333,11.9779,1.34739,77.2493,1.3962634016,79.9969,2023-06-01 10:53:28,False,1.26714228174,103.76986593,0.257222,28.9984
MSC ANA CAMILA III,5LBP2   ,9261827,LR,,CS,25703,636020962,1.24043339827,103.723781983,6.17333,11.9907,1.35787,77.8339,1.3962634016,79.9969,2023-06-01 10:53:38,False,1.26711028799,103.769909647,0.308667,17.9956
MSC ANA CAMILA III,5LBP2   ,9261827,LR,,CS,25703,636020962,1.24058004958,103.72455001,6.17333,11.9976,1.35787,78.1257,1.3962634016,79.9969,2023-06-01 10:53:48,False,1.26709561288,103.76993097,0.308667,3.99902
MSC ANA CAMILA III,5LBP2   ,9261827,LR,,CS,25703,636020962,1.24064392294,103.724885119,6.17333,11.9976,1.35787,78.1257,1.3962634016,79.9969,2023-06-01 10:53:58,False,1.26707055666,103.769980311,0.360111,350.997
MSC ANA CAMILA III,5LBP2   ,9261827,LR,,CS,25703,636020962,1.24073854159,103.725315037,6.17333,11.9932,1.37183,78.6901,1.3962634016,79.9969,2023-06-01 10:54:08,False,1.26706171006,103.770001994,0.360111,345.998
MSC ANA CAMILA III,5LBP2   ,9261827,LR,,CS,25703,636020962,1.24092732864,103.726182506,6.17333,11.997,1.37183,78.599,1.3962634016,79.9969,2023-06-01 10:54:18,False,1.26706664377,103.770031108,0.360111,336.995
MSC ANA CAMILA III,5LBP2   ,9261827,LR,,CS,25703,636020962,1.24101186855,103.726578194,6.22478,12.0809,1.37008,78.4912,1.3962634016,79.9969,2023-06-01 10:54:28,False,1.26706932482,103.770048377,0.257222,334.995
MSC ANA CAMILA III,5LBP2   ,9261827,LR,,CS,25703,636020962,1.24110194307,103.727008586,6.22478,12.077,1.37008,78.5816,1.3962634016,79.9969,2023-06-01 10:54:38,False,1.26706030818,103.770106764,0.360111,319.999
MSC ANA CAMILA III,5LBP2   ,9261827,LR,,CS,25703,636020962,1.24124254598,103.727776448,6.22478,12.0773,1.37881,79.0518,1.3962634016,79.9969,2023-06-01 10:54:48,False,1.2670588059,103.770133632,0.411556,310.995
MSC ANA CAMILA III,5LBP2   ,9261827,LR,,CS,25703,636020962,1.24130972541,103.728137731,6.22478,12.0773,1.37881,79.0518,1.3962634016,79.9969,2023-06-01 10:54:58,False,1.26705575751,103.770188834,0.411556,294.999
MSC ANA CAMILA III,5LBP2   ,9261827,LR,,CS,25703,636020962,1.24138146243,103.728509606,6.22478,12.02,1.37881,78.999,1.3962634016,79.9969,2023-06-01 10:55:08,False,1.26705724455,103.770232374,0.514444,282.997
MSC ANA CAMILA III,5LBP2   ,9261827,LR,,CS,25703,636020962,1.24154251745,103.729338275,6.22478,12.0964,1.37881,79.0693,1.3962634016,79.9969,2023-06-01 10:55:18,False,1.26705728184,103.770272466,0.565889,275.999
MSC ANA CAMILA III,5LBP2   ,9261827,LR,,CS,25703,636020962,1.2416135799,103.729688626,6.22478,12.0964,1.37881,79.0693,1.3962634016,79.9969,2023-06-01 10:55:28,False,1.2670637275,103.770347665,0.565889,266.995
MSC ANA CAMILA III,5LBP2   ,9261827,LR,,CS,25703,636020962,1.24171082582,103.730179983,6.22478,12.0927,1.38056,79.1597,1.3962634016,79.9969,2023-06-01 10:55:38,False,1.26706607316,103.770378517,0.514444,263.996
MSC ANA CAMILA III,5LBP2   ,9261827,LR,,CS,25703,636020962,1.24185655514,103.730959349,6.22478,12.0974,1.38754,79.5387,1.3962634016,79.9969,2023-06-01 10:55:48,False,1.26706847611,103.77041309,0.463,259.997
MSC ANA CAMILA III,5LBP2   ,9261827,LR,,CS,25703,636020962,1.24192551691,103.731293098,6.22478,12.0974,1.38754,79.5387,1.3962634016,79.9969,2023-06-01 10:55:58,False,1.26707360994,103.770460227,0.411556,257.997
MSC ANA CAMILA III,5LBP2   ,9261827,LR,,CS,25703,636020962,1.24206163945,103.732125823,6.22478,12.0974,1.38754,79.5387,1.3962634016,79.9969,2023-06-01 10:56:08,False,1.26707584841,103.770490948,0.411556,256.998
MSC ANA CAMILA III,5LBP2   ,9261827,LR,,CS,25703,636020962,1.24219962572,103.732672959,6.27622,12.1918,1.38056,79.1559,1.3962634016,79.9969,2023-06-01 10:56:18,False,1.26707881791,103.770511603,0.360111,256.998
MSC ANA CAMILA III,5LBP2   ,9261827,LR,,CS,25703,636020962,1.24226418666,103.733001541,6.27622,12.1965,1.38754,79.5318,1.3962634016,79.9969,2023-06-01 10:56:28,False,1.26708148472,103.770559355,0.308667,257.997
MSC ANA CAMILA III,5LBP2   ,9261827,LR,,CS,25703,636020962,1.24240732354,103.733791164,6.32767,12.2956,1.38754,79.525,1.3962634016,79.9969,2023-06-01 10:56:38,False,1.26708381904,103.770581415,0.308667,257.997
MSC ANA CAMILA III,5LBP2   ,9261827,LR,,CS,25703,636020962,1.24251220569,103.73427767,6.32767,12.2829,1.37532,78.8679,1.3962634016,79.9969,2023-06-01 10:56:48,False,1.26709061018,103.770624972,0.308667,261.996
MSC ANA CAMILA III,5LBP2   ,9261827,LR,,CS,25703,636020962,1.24255203985,103.734603769,6.32767,12.2921,1.38928,79.6141,1.3962634016,79.9969,2023-06-01 10:56:58,False,1.26709161479,103.770638327,0.257222,262.996
MSC ANA CAMILA III,5LBP2   ,9261827,LR,,CS,25703,636020962,1.24270617042,103.735414697,6.32767,12.2765,1.38928,79.5085,1.3962634016,79.9969,2023-06-01 10:57:08,False,1.26709073966,103.770653104,0.257222,265.995
MSC ANA CAMILA III,5LBP2   ,9261827,LR,,CS,25703,636020962,1.24277409537,103.735781913,6.32767,12.2921,1.38928,79.6141,1.3962634016,79.9969,2023-06-01 10:57:18,False,1.26709682343,103.770689309,0.257222,268.995
MSC ANA CAMILA III,5LBP2   ,9261827,LR,,CS,25703,636020962,1.24285968747,103.736288873,6.32767,12.2975,1.39626,79.9868,1.3962634016,79.9969,2023-06-01 10:57:28,False,1.26710638509,103.770704699,0.205778,271.0
MSC ANA CAMILA III,5LBP2   ,9261827,LR,,CS,25703,636020962,1.24302541537,103.737194172,6.32767,12.2886,1.38928,79.7033,1.3962634016,79.9969,2023-06-01 10:57:38,False,1.26711176936,103.770719642,0.205778,272.999
MSC ANA CAMILA III,5LBP2   ,9261827,LR,,CS,25703,636020962,1.24309510388,103.737605217,6.32767,12.2921,1.38754,79.6141,1.3962634016,79.9969,2023-06-01 10:57:48,False,1.26711555403,103.77073498,0.205778,273.999
MSC ANA CAMILA III,5LBP2   ,9261827,LR,,CS,25703,636020962,1.24316626007,103.738055652,6.32767,12.2941,1.38754,80.076,1.3962634016,79.9969,2023-06-01 10:57:58,False,1.2671182203,103.770752767,0.154333,274.999
MSC ANA CAMILA III,5LBP2   ,9261827,LR,,CS,25703,636020962,1.24331213141,103.738853068,6.32767,12.2886,1.38928,79.7033,1.3962634016,79.9969,2023-06-01 10:58:08,False,1.2671217852,103.770761805,0.102889,274.999
MSC ANA CAMILA III,5LBP2   ,9261827,LR,,CS,25703,636020962,1.24338179919,103.739197567,6.37911,12.3932,1.39626,80.0649,1.3962634016,79.9969,2023-06-01 10:58:18,False,1.26712130608,103.770773027,0.0514444,274.999
MSC ANA CAMILA III,5LBP2   ,9261827,LR,,CS,25703,636020962,1.24345674868,103.739656556,6.37911,12.3932,1.39626,80.0649,1.3962634016,79.9969,2023-06-01 10:58:28,False,1.26712629618,103.770780828,0.0514444,274.999
MSC ANA CAMILA III,5LBP2   ,9261827,LR,,CS,25703,636020962,1.24353689522,103.740108131,6.37911,12.3932,1.39626,80.0649,1.3962634016,79.9969,2023-06-01 10:58:38,False,1.26712832874,103.770783925,0.0514444,274.999
MSC ANA CAMILA III,5LBP2   ,9261827,LR,,CS,25703,636020962,1.24368351687,103.7410171,6.37911,12.3932,1.39626,80.0649,1.3962634016,79.9969,2023-06-01 10:58:48,False,1.26713564579,103.770794043,0.0514444,273.999
MSC ANA CAMILA III,5LBP2   ,9261827,LR,,CS,25703,636020962,1.24375681424,103.741415861,6.37911,12.3932,1.39626,80.0649,1.3962634016,79.9969,2023-06-01 10:58:58,False,1.26714669246,103.77078389,0.0,272.999
MSC ANA CAMILA III,5LBP2   ,9261827,LR,,CS,25703,636020962,1.24391186498,103.742263512,6.37911,12.3932,1.39626,80.0649,1.3962634016,79.9969,2023-06-01 10:59:08,False,1.26714669246,103.77078389,0.0,272.999
MSC ANA CAMILA III,5LBP2   ,9261827,LR,,CS,25703,636020962,1.24397348376,103.742590874,6.37911,12.3932,1.39626,80.0649,1.3962634016,79.9969,2023-06-01 10:59:18,False,1.26717335912,103.770768893,0.0,268.995
MSC ANA CAMILA III,5LBP2   ,9261827,LR,,CS,25703,636020962,1.24405338761,103.743058902,6.37911,12.3932,1.39626,80.0649,1.3962634016,79.9969,2023-06-01 10:59:28,False,1.26717270875,103.770765445,0.0514444,267.995
MSC ANA CAMILA III,5LBP2   ,9261827,LR,,CS,25703,636020962,1.24419733378,103.74389612,6.37911,12.3899,1.39801,80.1534,1.37881010908,78.9972,2023-06-01 10:59:38,False,1.26716847096,103.770773272,0.0514444,265.995
MSC ANA CAMILA III,5LBP2   ,9261827,LR,,CS,25703,636020962,1.2442474699,103.744300954,6.37911,12.3965,1.39801,81.0694,1.37881010908,78.9972,2023-06-01 10:59:48,False,1.26714835914,103.770747229,0.154333,270.0
MSC ANA CAMILA III,5LBP2   ,9261827,LR,,CS,25703,636020962,1.24432429718,103.744753039,6.37911,12.3818,1.39801,81.5137,1.37881010908,78.9972,2023-06-01 10:59:58,False,1.26714033584,103.770694818,0.463,272.999
MSC ANA CAMILA III,5LBP2   ,9261827,LR,,CS,25703,636020962,1.24448804119,103.745589037,6.37911,12.2809,1.39801,80.4333,1.37881010908,78.9972,2023-06-01 11:00:08,False,1.26713820785,103.770653252,0.463,274.999
MSC ANA CAMILA III,5LBP2   ,9261827,LR,,CS,25703,636020962,1.24458438361,103.745974293,6.27622,12.1845,1.38405,79.3354,1.308996939,74.9982,2023-06-01 11:00:18,False,1.26714477141,103.770586195,0.514444,278.998
MSC ANA CAMILA III,5LBP2   ,9261827,LR,,CS,25703,636020962,1.24476488472,103.746738409,6.27622,12.0791,1.38405,77.6412,1.308996939,74.9982,2023-06-01 11:00:28,False,1.2671511941,103.77055429,0.514444,282.997
MSC ANA CAMILA III,5LBP2   ,9261827,LR,,CS,25703,636020962,1.24487971771,103.747164932,6.22478,12.0856,1.3439,77.0814,1.308996939,74.9982,2023-06-01 11:00:38,False,1.26718157992,103.770495305,0.463,286.996
MSC ANA CAMILA III,5LBP2   ,9261827,LR,,CS,25703,636020962,1.24498982564,103.74759027,6.17333,11.9988,1.33343,76.414,1.308996939,74.9982,2023-06-01 11:00:48,False,1.26720293804,103.77046218,0.411556,287.996
MSC ANA CAMILA III,5LBP2   ,9261827,LR,,CS,25703,636020962,1.24519171833,103.748398101,6.12189,11.8809,1.33169,76.373,1.29154364648,73.9984,2023-06-01 11:00:58,False,1.26721860154,103.770437531,0.411556,287.996
MSC ANA CAMILA III,5LBP2   ,9261827,LR,,CS,25703,636020962,1.24525504406,103.74863626,6.07044,11.7863,1.32296,75.8721,1.29154364648,73.9984,2023-06-01 11:01:08,False,1.26724548172,103.770399194,0.411556,280.997
MSC ANA CAMILA III,5LBP2   ,9261827,LR,,CS,25703,636020962,1.24535014014,103.749004889,6.019,11.6877,1.31598,75.4553,1.308996939,74.9982,2023-06-01 11:01:18,False,1.2672546727,103.770380354,0.360111,279.998
MSC ANA CAMILA III,5LBP2   ,9261827,LR,,CS,25703,636020962,1.24554506744,103.749781666,6.019,11.5931,1.31598,75.7308,1.308996939,74.9982,2023-06-01 11:01:28,False,1.2672645886,103.770353091,0.360111,278.998
MSC ANA CAMILA III,5LBP2   ,9261827,LR,,CS,25703,636020962,1.24561896064,103.750148321,6.019,11.481,1.31598,76.7873,1.308996939,74.9982,2023-06-01 11:01:38,False,1.2672816847,103.770303101,0.360111,278.998
MSC ANA CAMILA III,5LBP2   ,9261827,LR,,CS,25703,636020962,1.24571116969,103.750546942,5.86467,11.3921,1.34216,76.9834,1.25663706144,71.9989,2023-06-01 11:01:48,False,1.26729055289,103.770278759,0.308667,276.998
MSC ANA CAMILA III,5LBP2   ,9261827,LR,,CS,25703,636020962,1.24588665553,103.751257604,5.81322,11.2919,1.33518,76.5618,1.25663706144,71.9989,2023-06-01 11:01:58,False,1.26729091382,103.770263421,0.308667,276.998
MSC ANA CAMILA III,5LBP2   ,9261827,LR,,CS,25703,636020962,1.24601370724,103.751705203,5.76178,11.1832,1.31772,75.5048,1.23918376892,70.9991,2023-06-01 11:02:08,False,1.26729660936,103.770225724,0.308667,275.999
MSC ANA CAMILA III,5LBP2   ,9261827,LR,,CS,25703,636020962,1.24610504656,103.752056054,5.71033,11.1832,1.29852,75.5048,1.2217304764,69.9994,2023-06-01 11:02:18,False,1.26729987089,103.770197373,0.308667,275.999
MSC ANA CAMILA III,5LBP2   ,9261827,LR,,CS,25703,636020962,1.24632351193,103.752722253,5.65889,10.9796,1.28456,73.6505,1.2217304764,69.9994,2023-06-01 11:02:28,False,1.26730203438,103.77015958,0.308667,274.999
MSC ANA CAMILA III,5LBP2   ,9261827,LR,,CS,25703,636020962,1.2464402435,103.753048421,5.60744,10.8868,1.25838,72.115,1.2217304764,69.9994,2023-06-01 11:02:38,False,1.26730404299,103.770140267,0.257222,275.999
MSC ANA CAMILA III,5LBP2   ,9261827,LR,,CS,25703,636020962,1.24667322774,103.753770233,5.556,10.7883,1.25664,72.0547,1.20427718388,68.9996,2023-06-01 11:02:48,False,1.26730505052,103.770127693,0.257222,275.999
MSC ANA CAMILA III,5LBP2   ,9261827,LR,,CS,25703,636020962,1.2467994279,103.754127831,5.50456,10.6896,1.24966,71.6639,1.2217304764,69.9994,2023-06-01 11:02:58,False,1.26730981806,103.770081766,0.257222,276.998
MSC ANA CAMILA III,5LBP2   ,9261827,LR,,CS,25703,636020962,1.24694370657,103.754549221,5.50456,10.6896,1.24966,71.6639,1.2217304764,69.9994,2023-06-01 11:03:08,False,1.26731268779,103.77005703,0.257222,278.998
MSC ANA CAMILA III,5LBP2   ,9261827,LR,,CS,25703,636020962,1.24714764758,103.755152761,5.50456,10.579,1.24966,71.4652,1.2217304764,69.9994,2023-06-01 11:03:18,False,1.2673151987,103.770037488,0.257222,279.998
MSC ANA CAMILA III,5LBP2   ,9261827,LR,,CS,25703,636020962,1.24727112499,103.755566157,5.40167,10.4935,1.26013,72.2028,1.20427718388,68.9996,2023-06-01 11:03:28,False,1.26732442741,103.769993623,0.257222,281.997
MSC ANA CAMILA III,5LBP2   ,9261827,LR,,CS,25703,636020962,1.24748331342,103.756260927,5.35022,10.39,1.26711,72.582,1.16937059884,66.9946,2023-06-01 11:03:38,False,1.26732716225,103.769980031,0.257222,281.997
MSC ANA CAMILA III,5LBP2   ,9261827,LR,,CS,25703,636020962,1.24757556692,103.756568845,5.29878,10.2927,1.27235,72.8654,1.15191730632,65.9949,2023-06-01 11:03:48,False,1.26733587726,103.769960103,0.308667,282.997
MSC ANA CAMILA III,5LBP2   ,9261827,LR,,CS,25703,636020962,1.24770050348,103.756918019,5.19589,10.0937,1.25838,72.0536,1.11701072128,63.9954,2023-06-01 11:03:58,False,1.26735405993,103.769925618,0.257222,280.997
MSC ANA CAMILA III,5LBP2   ,9261827,LR,,CS,25703,636020962,1.24780181383,103.757227226,5.19589,10.0937,1.25838,72.0536,1.11701072128,63.9954,2023-06-01 11:04:08,False,1.26735876639,103.76991013,0.205778,279.998
MSC ANA CAMILA III,5LBP2   ,9261827,LR,,CS,25703,636020962,1.24804399924,103.757751179,5.093,9.89041,1.18682,68.0731,1.09955742876,62.9956,2023-06-01 11:04:18,False,1.26735896446,103.769894003,0.257222,277.998
MSC ANA CAMILA III,5LBP2   ,9261827,LR,,CS,25703,636020962,1.2481800696,103.758083752,5.04156,9.78231,1.18333,67.818,1.09955742876,62.9956,2023-06-01 11:04:28,False,1.26736783028,103.769860377,0.205778,272.999
MSC ANA CAMILA III,5LBP2   ,9261827,LR,,CS,25703,636020962,1.24830303038,103.758384175,5.04156,9.78231,1.18333,67.818,1.09955742876,62.9956,2023-06-01 11:04:38,False,1.26736859397,103.769850076,0.205778,271.0
MSC ANA CAMILA III,5LBP2   ,9261827,LR,,CS,25703,636020962,1.24858420971,103.759005069,4.83578,9.38523,1.16239,66.5677,1.09955742876,62.9956,2023-06-01 11:04:48,False,1.26736721573,103.769825314,0.257222,270.0
MSC ANA CAMILA III,5LBP2   ,9261827,LR,,CS,25703,636020962,1.24870747808,103.759264673,4.78433,9.28419,1.15017,65.9035,1.08210413624,61.9958,2023-06-01 11:04:58,False,1.26737219268,103.769719683,0.720222,272.0
MSC ANA CAMILA III,5LBP2   ,9261827,LR,,CS,25703,636020962,1.24885279606,103.759563112,4.73289,9.18943,1.15192,66.0375,1.08210413624,61.9958,2023-06-01 11:05:08,False,1.26737443899,103.769616659,1.02889,273.999
MSC ANA CAMILA III,5LBP2   ,9261827,LR,,CS,25703,636020962,1.2491217282,103.760131613,4.68144,9.08133,1.14145,65.4647,1.08210413624,61.9958,2023-06-01 11:05:18,False,1.26738368603,103.769534843,1.08033,268.995
MSC ANA CAMILA III,5LBP2   ,9261827,LR,,CS,25703,636020962,1.2492425427,103.760401027,4.63,8.98641,1.14319,65.5971,1.09955742876,62.9956,2023-06-01 11:05:28,False,1.26738505948,103.769368843,1.33756,260.997
MSC ANA CAMILA III,5LBP2   ,9261827,LR,,CS,25703,636020962,1.24949598598,103.760933369,4.63,8.98243,1.13097,64.7659,1.08210413624,61.9958,2023-06-01 11:05:38,False,1.26736442004,103.769269575,1.44044,261.996
MSC ANA CAMILA III,5LBP2   ,9261827,LR,,CS,25703,636020962,1.24962353751,103.761192384,4.57856,8.88726,1.13272,64.8923,1.09955742876,62.9956,2023-06-01 11:05:48,False,1.26730265007,103.769051288,1.59478,262.996
MSC ANA CAMILA III,5LBP2   ,9261827,LR,,CS,25703,636020962,1.24975162075,103.76144001,4.57856,8.88726,1.13272,64.8923,1.09955742876,62.9956,2023-06-01 11:05:58,False,1.2672921747,103.768969341,1.44044,257.997
MSC ANA CAMILA III,5LBP2   ,9261827,LR,,CS,25703,636020962,1.25002563106,103.762018585,4.52711,8.78276,1.13272,64.8529,1.09955742876,62.9956,2023-06-01 11:06:08,False,1.26727316933,103.768888122,1.44044,257.997
MSC ANA CAMILA III,5LBP2   ,9261827,LR,,CS,25703,636020962,1.25013774965,103.762260297,4.52711,8.80036,1.13272,64.9067,1.09955742876,62.9956,2023-06-01 11:06:18,False,1.2672010301,103.768750414,1.18322,249.0
MSC ANA CAMILA III,5LBP2   ,9261827,LR,,CS,25703,636020962,1.25038587397,103.762800756,4.47567,8.68237,1.14494,65.6728,1.09955742876,62.9956,2023-06-01 11:06:28,False,1.26716002413,103.768703742,1.18322,239.996
MSC ANA CAMILA III,5LBP2   ,9261827,LR,,CS,25703,636020962,1.25052432014,103.763087596,4.42422,8.5831,1.13272,64.9439,1.09955742876,62.9956,2023-06-01 11:06:38,False,1.26711694343,103.768649112,1.18322,239.996
MSC ANA CAMILA III,5LBP2   ,9261827,LR,,CS,25703,636020962,1.25064368381,103.763358896,4.42422,8.5831,1.13272,64.9439,1.09955742876,62.9956,2023-06-01 11:06:48,False,1.2670112928,103.768575224,0.874556,237.997
MSC ANA CAMILA III,5LBP2   ,9261827,LR,,CS,25703,636020962,1.25087796317,103.763866583,4.42422,8.5831,1.13272,64.9439,1.09955742876,62.9956,2023-06-01 11:06:58,False,1.26698061358,103.768550348,0.823111,240.996
MSC ANA CAMILA III,5LBP2   ,9261827,LR,,CS,25703,636020962,1.25102890954,103.764192452,4.37278,8.48799,1.13446,65.0782,1.09955742876,62.9956,2023-06-01 11:07:08,False,1.26690849786,103.768497105,0.720222,252.999
MSC ANA CAMILA III,5LBP2   ,9261827,LR,,CS,25703,636020962,1.25107521926,103.764317261,4.37278,8.48799,1.13621,65.0782,1.09955742876,62.9956,2023-06-01 11:07:18,False,1.26687766086,103.768469229,0.668778,258.997
MSC ANA CAMILA III,5LBP2   ,9261827,LR,,CS,25703,636020962,1.25129302698,103.764813576,4.37278,8.48799,1.13621,65.0782,1.09955742876,62.9956,2023-06-01 11:07:28,False,1.26685093134,103.768438009,0.565889,264.996
MSC ANA CAMILA III,5LBP2   ,9261827,LR,,CS,25703,636020962,1.2514569114,103.765165269,4.32133,8.39169,1.13097,64.919,1.08210413624,61.9958,2023-06-01 11:07:38,False,1.26681960347,103.768385836,0.565889,264.996
MSC ANA CAMILA III,5LBP2   ,9261827,LR,,CS,25703,636020962,1.25155919578,103.765411281,4.32133,8.38232,1.15715,66.3478,1.08210413624,61.9958,2023-06-01 11:07:48,False,1.266814395,103.768367172,0.565889,264.996
MSC ANA CAMILA III,5LBP2   ,9261827,LR,,CS,25703,636020962,1.2517725927,103.765898392,4.26989,8.28552,1.15366,66.2013,1.06465084372,60.9961,2023-06-01 11:07:58,False,1.26680979215,103.768340348,0.205778,290.995
MSC ANA CAMILA III,5LBP2   ,9261827,LR,,CS,25703,636020962,1.25187793508,103.766147449,4.26989,8.29017,1.16588,66.8014,1.0471975512,59.9963,2023-06-01 11:08:08,False,1.26681407677,103.76833317,0.154333,294.999
MSC ANA CAMILA III,5LBP2   ,9261827,LR,,CS,25703,636020962,1.25212846758,103.766691112,4.26989,8.28552,1.15541,66.2013,1.01229096616,57.9968,2023-06-01 11:08:18,False,1.2668366308,103.768316304,0.154333,298.998
MSC ANA CAMILA III,5LBP2   ,9261827,LR,,CS,25703,636020962,1.25225861449,103.766965694,4.26989,8.29338,1.15541,66.0784,1.01229096616,57.9968,2023-06-01 11:08:28,False,1.2668432358,103.768322051,0.0,300.998
MSC ANA CAMILA III,5LBP2   ,9261827,LR,,CS,25703,636020962,1.25236410738,103.767194754,4.21844,8.17571,1.1397,65.2629,0.942477796077,53.9978,2023-06-01 11:08:38,False,1.26685474999,103.768325447,0.0514444,307.996
MSC ANA CAMILA III,5LBP2   ,9261827,LR,,CS,25703,636020962,1.25262278689,103.767738013,4.21844,8.19337,1.14145,65.3198,0.907571211037,51.9983,2023-06-01 11:08:48,False,1.26688022001,103.768331738,0.0514444,307.996
MSC ANA CAMILA III,5LBP2   ,9261827,LR,,CS,25703,636020962,1.25275506014,103.767949434,4.167,8.09354,1.09956,63.0042,0.855211333477,48.999,2023-06-01 11:08:58,False,1.26688412921,103.76833358,0.102889,311.995
MSC ANA CAMILA III,5LBP2   ,9261827,LR,,CS,25703,636020962,1.25285779412,103.768142369,4.167,8.0784,1.08385,62.0167,0.820304748437,46.9995,2023-06-01 11:09:08,False,1.26689129398,103.768335195,0.154333,312.995
MSC ANA CAMILA III,5LBP2   ,9261827,LR,,CS,25703,636020962,1.25313337382,103.768610042,4.11556,7.99261,1.05243,60.2551,0.767944870878,43.9948,2023-06-01 11:09:18,False,1.26689814196,103.768342118,0.205778,311.995
MSC ANA CAMILA III,5LBP2   ,9261827,LR,,CS,25703,636020962,1.25329574868,103.768856764,4.11556,7.97746,1.03149,59.0602,0.733038285838,41.9952,2023-06-01 11:09:28,False,1.26691889069,103.76838521,0.205778,303.997
MSC ANA CAMILA III,5LBP2   ,9261827,LR,,CS,25703,636020962,1.25345874028,103.769092175,4.06411,7.89165,1.01753,58.1891,0.698131700798,39.9957,2023-06-01 11:09:38,False,1.2669326524,103.768407181,0.205778,303.997
MSC ANA CAMILA III,5LBP2   ,9261827,LR,,CS,25703,636020962,1.25382202331,103.769539708,4.01267,7.78909,0.95295,54.4457,0.610865238198,34.9969,2023-06-01 11:09:48,False,1.26694327327,103.768422361,0.257222,300.998
MSC ANA CAMILA III,5LBP2   ,9261827,LR,,CS,25703,636020962,1.25397849003,103.769725586,3.96122,7.69068,0.914553,52.2901,0.575958653158,32.9974,2023-06-01 11:09:58,False,1.26696240108,103.768457872,0.257222,281.997
MSC ANA CAMILA III,5LBP2   ,9261827,LR,,CS,25703,636020962,1.25427582672,103.770062754,3.90978,7.54174,0.862193,49.4948,0.523598775598,29.9982,2023-06-01 11:10:08,False,1.2669742123,103.768473903,0.257222,278.998
MSC ANA CAMILA III,5LBP2   ,9261827,LR,,CS,25703,636020962,1.25443537964,103.770198616,3.80689,7.31655,0.813323,46.9378,0.471238898038,26.9989,2023-06-01 11:10:18,False,1.26697543506,103.768486363,0.257222,272.0
MSC ANA CAMILA III,5LBP2   ,9261827,LR,,CS,25703,636020962,1.25463089326,103.77038036,3.75544,7.22995,0.778417,44.7821,0.418879020479,23.9996,2023-06-01 11:10:28,False,1.26698855509,103.768516469,0.257222,260.997
MSC ANA CAMILA III,5LBP2   ,9261827,LR,,CS,25703,636020962,1.25500739699,103.770714647,3.704,7.15931,0.724312,41.6981,0.366519142919,20.9949,2023-06-01 11:10:38,False,1.26699555113,103.768533974,0.257222,255.998
MSC ANA CAMILA III,5LBP2   ,9261827,LR,,CS,25703,636020962,1.25522549793,103.770870953,3.65256,7.09162,0.677188,38.8806,0.314159265359,17.9956,2023-06-01 11:10:48,False,1.2670094752,103.768565256,0.257222,243.995
MSC ANA CAMILA III,5LBP2   ,9261827,LR,,CS,25703,636020962,1.25541068575,103.77100248,3.60111,6.99171,0.659734,38.1125,0.261799387799,14.9963,2023-06-01 11:10:58,False,1.2670175608,103.768580348,0.257222,238.997
MSC ANA CAMILA III,5LBP2   ,9261827,LR,,CS,25703,636020962,1.25582948127,103.771272281,3.49822,6.89695,0.565487,34.8994,0.191986217719,10.9973,2023-06-01 11:11:08,False,1.26702181468,103.768599143,0.257222,233.998
MSC ANA CAMILA III,5LBP2   ,9261827,LR,,CS,25703,636020962,1.25599928795,103.771342745,3.49822,6.78939,0.568977,32.3705,0.174532925199,9.99756,2023-06-01 11:11:18,False,1.26703177913,103.768633277,0.205778,221.995
MSC ANA CAMILA III,5LBP2   ,9261827,LR,,CS,25703,636020962,1.25639744952,103.771546271,3.49822,6.57479,0.568977,28.2319,0.174532925199,9.99756,2023-06-01 11:11:28,False,1.26703528134,103.768650624,0.257222,218.996
MSC ANA CAMILA III,5LBP2   ,9261827,LR,,CS,25703,636020962,1.25659627188,103.771626422,3.34389,6.49448,0.450295,25.7214,0.0523598775598,2.99927,2023-06-01 11:11:38,False,1.26704240013,103.768669235,0.257222,210.998
MSC ANA CAMILA III,5LBP2   ,9261827,LR,,CS,25703,636020962,1.25683886583,103.77172893,3.34389,6.3967,0.450295,23.8387,0.0523598775598,2.99927,2023-06-01 11:11:48,False,1.26705010951,103.768699411,0.205778,196.996
MSC ANA CAMILA III,5LBP2   ,9261827,LR,,CS,25703,636020962,1.25702447462,103.771800517,3.29244,6.38197,0.389208,22.1903,6.26573201466,358.995,2023-06-01 11:11:58,False,1.26704861486,103.768725823,0.257222,196.996
MSC ANA CAMILA III,5LBP2   ,9261827,LR,,CS,25703,636020962,1.25743035522,103.771899501,3.08667,5.98404,0.29147,16.6101,6.16101225954,352.996,2023-06-01 11:12:08,False,1.26703177983,103.768757843,0.411556,211.998
MSC ANA CAMILA III,5LBP2   ,9261827,LR,,CS,25703,636020962,1.25761539768,103.771934445,3.08667,6.07724,0.263545,16.3482,6.1261056745,350.997,2023-06-01 11:12:18,False,1.26699408236,103.768818258,0.514444,241.996
MSC ANA CAMILA III,5LBP2   ,9261827,LR,,CS,25703,636020962,1.25802468953,103.771997286,2.98378,5.78355,0.190241,12.0275,6.05629250442,346.998,2023-06-01 11:12:28,False,1.26698330515,103.768842134,0.463,252.999
MSC ANA CAMILA III,5LBP2   ,9261827,LR,,CS,25703,636020962,1.25823043527,103.772019366,2.93233,5.69152,0.162316,9.23713,6.02138591938,344.998,2023-06-01 11:12:38,False,1.26696749206,103.768895854,0.411556,277.998
MSC ANA CAMILA III,5LBP2   ,9261827,LR,,CS,25703,636020962,1.25835852605,103.772035315,2.88089,5.59425,0.141372,7.98933,6.00393262686,343.998,2023-06-01 11:12:48,False,1.26696117254,103.768926513,0.411556,282.997
MSC ANA CAMILA III,5LBP2   ,9261827,LR,,CS,25703,636020962,1.25874430845,103.772059197,2.88089,5.49046,0.141372,3.24734,6.00393262686,339.999,2023-06-01 11:12:58,False,1.26695735486,103.768955654,0.411556,286.996
MSC ANA CAMILA III,5LBP2   ,9261827,LR,,CS,25703,636020962,1.25893571222,103.772067237,2.88089,5.38448,0.141372,0.206843,6.00393262686,339.999,2023-06-01 11:13:08,False,1.26695216514,103.76901197,0.411556,294.0
MSC ANA CAMILA III,5LBP2   ,9261827,LR,,CS,25703,636020962,1.25905699705,103.772063785,2.72656,5.28815,6.26399,358.947,5.84685299418,334.995,2023-06-01 11:13:18,False,1.26695649762,103.769036294,0.411556,294.0
MSC ANA CAMILA III,5LBP2   ,9261827,LR,,CS,25703,636020962,1.25938646212,103.772017752,2.67511,5.18992,6.19766,355.058,5.79449311662,331.996,2023-06-01 11:13:28,False,1.26695874888,103.769062741,0.411556,294.0
MSC ANA CAMILA III,5LBP2   ,9261827,LR,,CS,25703,636020962,1.25954106002,103.771994565,2.67511,5.08117,6.19766,354.071,5.79449311662,331.996,2023-06-01 11:13:38,False,1.26696634926,103.769111958,0.411556,291.995
MSC ANA CAMILA III,5LBP2   ,9261827,LR,,CS,25703,636020962,1.25989835683,103.771923935,2.57222,4.98845,6.11389,350.354,5.6897733615,325.997,2023-06-01 11:13:48,False,1.26696806768,103.769141959,0.411556,289.995
MSC ANA CAMILA III,5LBP2   ,9261827,LR,,CS,25703,636020962,1.26004479818,103.771884383,2.46933,4.78841,6.07375,348.051,5.67232006898,324.998,2023-06-01 11:13:58,False,1.26696902676,103.769167625,0.411556,288.995
MSC ANA CAMILA III,5LBP2   ,9261827,LR,,CS,25703,636020962,1.26021610819,103.77183689,2.46933,4.69095,6.07375,345.849,5.67232006898,322.998,2023-06-01 11:14:08,False,1.26697810284,103.769225169,0.411556,282.997
MSC ANA CAMILA III,5LBP2   ,9261827,LR,,CS,25703,636020962,1.26054457606,103.771725695,2.36644,4.59328,5.97601,343.022,5.56760031386,318.999,2023-06-01 11:14:18,False,1.26698297931,103.769259215,0.411556,281.997
MSC ANA CAMILA III,5LBP2   ,9261827,LR,,CS,25703,636020962,1.26068378651,103.77166977,2.36644,4.5796,5.97601,341.181,5.56760031386,318.999,2023-06-01 11:14:28,False,1.26699575543,103.769308283,0.360111,275.999
MSC ANA CAMILA III,5LBP2   ,9261827,LR,,CS,25703,636020962,1.26083605873,103.771604078,2.315,4.48236,5.93761,340.229,5.53269372882,317.0,2023-06-01 11:14:38,False,1.26700367371,103.769330061,0.360111,273.999
MSC ANA CAMILA III,5LBP2   ,9261827,LR,,CS,25703,636020962,1.26109582771,103.771475573,2.26356,4.40018,5.84336,334.907,5.46288055874,312.995,2023-06-01 11:14:48,False,1.26700871649,103.76935965,0.360111,272.0
MSC ANA CAMILA III,5LBP2   ,9261827,LR,,CS,25703,636020962,1.26109582771,103.771475573,2.26356,4.40018,5.84336,334.907,5.46288055874,312.995,2023-06-01 11:14:58,False,1.26701748061,103.76935155,0.0514444,262.996
MSC ANA CAMILA III,5LBP2   ,9261827,LR,,CS,25703,636020962,1.26137891023,103.771314329,2.26356,4.28797,5.84336,331.576,5.46288055874,312.995,2023-06-01 11:15:08,False,1.26701493336,103.769330517,0.257222,253.998
MSC ANA CAMILA III,5LBP2   ,9261827,LR,,CS,25703,636020962,1.26163402324,103.771149515,2.16067,4.18378,5.74562,329.265,5.39306738866,308.996,2023-06-01 11:15:18,False,1.2670049091,103.769292356,0.257222,253.998
MSC ANA CAMILA III,5LBP2   ,9261827,LR,,CS,25703,636020962,1.26176106186,103.771053867,2.16067,4.18374,5.74562,326.753,5.39306738866,308.996,2023-06-01 11:15:28,False,1.26690910053,103.769186334,0.823111,241.996
MSC ANA CAMILA III,5LBP2   ,9261827,LR,,CS,25703,636020962,1.26186871021,103.770966476,2.16067,4.19474,5.6793,325.574,5.35816080362,306.996,2023-06-01 11:15:38,False,1.2668606418,103.769136785,0.977444,242.996
MSC ANA CAMILA III,5LBP2   ,9261827,LR,,CS,25703,636020962,1.26205932006,103.770806744,2.10922,4.09377,5.63392,322.912,5.3407075111,305.997,2023-06-01 11:15:48,False,1.26682370837,103.769091192,0.977444,241.996
MSC ANA CAMILA III,5LBP2   ,9261827,LR,,CS,25703,636020962,1.26218044318,103.770705164,2.05778,3.99227,5.60251,320.73,5.32325421858,304.997,2023-06-01 11:15:58,False,1.26672773554,103.769004905,0.823111,239.996
MSC ANA CAMILA III,5LBP2   ,9261827,LR,,CS,25703,636020962,1.26228597938,103.770609008,2.05778,3.99071,5.54491,317.764,5.30580092606,303.997,2023-06-01 11:16:08,False,1.26668468185,103.768964025,0.720222,239.996
MSC ANA CAMILA III,5LBP2   ,9261827,LR,,CS,25703,636020962,1.26245814398,103.770423014,1.95489,3.808,5.4751,313.966,5.30580092606,303.997,2023-06-01 11:16:18,False,1.26665461536,103.768946818,0.720222,239.996
MSC ANA CAMILA III,5LBP2   ,9261827,LR,,CS,25703,636020962,1.26251805168,103.770339845,1.95489,3.79722,5.4751,312.51,5.30580092606,303.997,2023-06-01 11:16:28,False,1.26659844043,103.76892362,0.514444,239.996
MSC ANA CAMILA III,5LBP2   ,9261827,LR,,CS,25703,636020962,1.26266379317,103.770160538,1.95489,3.80795,5.40878,310.03,5.32325421858,304.997,2023-06-01 11:16:38,False,1.26657278801,103.768909704,0.514444,239.996
MSC ANA CAMILA III,5LBP2   ,9261827,LR,,CS,25703,636020962,1.26275814311,103.770043981,2.00633,3.89798,5.38958,308.928,5.32325421858,304.997,2023-06-01 11:16:48,False,1.26652480285,103.768889479,0.411556,240.996
MSC ANA CAMILA III,5LBP2   ,9261827,LR,,CS,25703,636020962,1.26286153948,103.76991964,2.10922,4.10446,5.39481,309.041,5.3407075111,305.997,2023-06-01 11:16:58,False,1.26650550486,103.768882671,0.308667,239.996
MSC ANA CAMILA III,5LBP2   ,9261827,LR,,CS,25703,636020962,1.26305828986,103.769683208,2.21211,4.2959,5.40005,309.308,5.3407075111,305.997,2023-06-01 11:17:08,False,1.26648717824,103.768875932,0.308667,239.996
MSC ANA CAMILA III,5LBP2   ,9261827,LR,,CS,25703,636020962,1.26317039489,103.769543967,2.21211,4.48742,5.40005,309.551,5.3407075111,305.997,2023-06-01 11:17:18,False,1.2664461847,103.768870441,0.257222,238.997
MSC ANA CAMILA III,5LBP2   ,9261827,LR,,CS,25703,636020962,1.26327299052,103.769426207,2.21211,4.56952,5.40005,309.65,5.3407075111,305.997,2023-06-01 11:17:28,False,1.26643006141,103.768867186,0.257222,238.997
MSC ANA CAMILA III,5LBP2   ,9261827,LR,,CS,25703,636020962,1.26349588678,103.769172778,2.36644,4.78853,5.40878,309.895,5.35816080362,306.996,2023-06-01 11:17:38,False,1.26641377793,103.768867134,0.257222,238.997
MSC ANA CAMILA III,5LBP2   ,9261827,LR,,CS,25703,636020962,1.26358069092,103.769088906,2.57222,4.97385,5.43321,311.038,5.35816080362,306.996,2023-06-01 11:17:48,False,1.26638579126,103.76887963,0.205778,236.997
MSC ANA CAMILA III,5LBP2   ,9261827,LR,,CS,25703,636020962,1.26383102009,103.768803027,2.62367,5.09821,5.43146,310.98,5.35816080362,306.996,2023-06-01 11:17:58,False,1.26636298693,103.768872935,0.411556,230.999
MSC ANA CAMILA III,5LBP2   ,9261827,LR,,CS,25703,636020962,1.26396612744,103.768645841,2.72656,5.30484,5.42972,310.988,5.35816080362,306.996,2023-06-01 11:18:08,False,1.26619536118,103.768749594,1.33756,213.997
MSC ANA CAMILA III,5LBP2   ,9261827,LR,,CS,25703,636020962,1.2641022972,103.768484356,2.82944,5.48405,5.42797,310.976,5.35816080362,306.996,2023-06-01 11:18:18,False,1.26604160051,103.768683938,2.00633,204.0
MSC ANA CAMILA III,5LBP2   ,9261827,LR,,CS,25703,636020962,1.26436562718,103.768188683,2.88089,5.62117,5.42797,311.074,5.37561409614,307.996,2023-06-01 11:18:28,False,1.26585581098,103.768637709,2.41789,203.0
MSC ANA CAMILA III,5LBP2   ,9261827,LR,,CS,25703,636020962,1.26449710465,103.768039544,2.93233,5.71295,5.44368,311.828,5.35816080362,306.996,2023-06-01 11:18:38,False,1.26562367645,103.768582831,2.82944,203.0
MSC ANA CAMILA III,5LBP2   ,9261827,LR,,CS,25703,636020962,1.26464007176,103.767870345,2.98378,5.80979,5.44194,311.745,5.35816080362,306.996,2023-06-01 11:18:48,False,1.26515926231,103.76845856,3.49822,212.997
MSC ANA CAMILA III,5LBP2   ,9261827,LR,,CS,25703,636020962,1.26489892681,103.767563265,2.98378,5.81505,5.42623,310.934,5.37561409614,307.996,2023-06-01 11:18:58,False,1.26494550173,103.768355472,3.60111,225.0
MSC ANA CAMILA III,5LBP2   ,9261827,LR,,CS,25703,636020962,1.26504982838,103.767395918,3.03522,5.90663,5.44019,311.665,5.35816080362,306.996,2023-06-01 11:19:08,False,1.26469335319,103.768105892,4.01267,253.998
MSC ANA CAMILA III,5LBP2   ,9261827,LR,,CS,25703,636020962,1.26520262098,103.767231501,3.03522,5.89213,5.44019,311.791,5.35816080362,306.996,2023-06-01 11:19:18,False,1.26469493715,103.767475402,4.11556,291.995
MSC ANA CAMILA III,5LBP2   ,9261827,LR,,CS,25703,636020962,1.26541443294,103.767003149,3.03522,5.89373,5.44019,311.524,5.35816080362,306.996,2023-06-01 11:19:28,False,1.26469493715,103.767475402,4.11556,291.995
MSC ANA CAMILA III,5LBP2   ,9261827,LR,,CS,25703,636020962,1.26557500097,103.766857651,3.03522,5.89857,5.44019,313.531,5.35816080362,306.996,2023-06-01 11:19:38,False,1.26526074714,103.766752575,4.11556,313.995
MSC ANA CAMILA III,5LBP2   ,9261827,LR,,CS,25703,636020962,1.26571847449,103.766719892,3.03522,5.88603,5.46637,313.127,5.3407075111,305.997,2023-06-01 11:19:48,False,1.26540232169,103.766657233,3.80689,315.0
MSC ANA CAMILA III,5LBP2   ,9261827,LR,,CS,25703,636020962,1.26599489405,103.766414294,3.03522,5.86062,5.45415,312.58,5.32325421858,304.997,2023-06-01 11:19:58,False,1.26558779577,103.766487497,3.39533,312.995
MSC ANA CAMILA III,5LBP2   ,9261827,LR,,CS,25703,636020962,1.26612097072,103.766266892,2.98378,5.76641,5.44717,312.131,5.32325421858,304.997,2023-06-01 11:20:08,False,1.26587545575,103.766187831,3.18956,310.995
MSC ANA CAMILA III,5LBP2   ,9261827,LR,,CS,25703,636020962,1.26638247829,103.765957452,2.98378,5.77296,5.42797,311.041,5.32325421858,304.997,2023-06-01 11:20:18,False,1.26596493318,103.766069703,2.82944,305.997
MSC ANA CAMILA III,5LBP2   ,9261827,LR,,CS,25703,636020962,1.26649394946,103.765809638,2.93233,5.69944,5.40878,309.881,5.30580092606,303.997,2023-06-01 11:20:28,False,1.26607653317,103.765899961,2.778,308.996
MSC ANA CAMILA III,5LBP2   ,9261827,LR,,CS,25703,636020962,1.26664498358,103.765635261,2.93233,5.69944,5.40878,309.881,5.30580092606,303.997,2023-06-01 11:20:38,False,1.26633387031,103.765582123,2.82944,308.996
MSC ANA CAMILA III,5LBP2   ,9261827,LR,,CS,25703,636020962,1.26688269713,103.765338984,2.88089,5.59804,5.39132,308.939,5.30580092606,303.997,2023-06-01 11:20:48,False,1.26645185995,103.765443198,2.82944,308.996
MSC ANA CAMILA III,5LBP2   ,9261827,LR,,CS,25703,636020962,1.26696627737,103.765231605,2.88089,5.61317,5.39132,308.815,5.30580092606,303.997,2023-06-01 11:20:58,False,1.2665646692,103.765309151,2.778,306.996
MSC ANA CAMILA III,5LBP2   ,9261827,LR,,CS,25703,636020962,1.26713042865,103.765031105,2.88089,5.59804,5.39132,308.939,5.30580092606,303.997,2023-06-01 11:21:08,False,1.26682067512,103.764990296,2.778,309.996
MSC ANA CAMILA III,5LBP2   ,9261827,LR,,CS,25703,636020962,1.26736585122,103.764751236,2.93233,5.66783,5.39132,308.875,5.30580092606,303.997,2023-06-01 11:21:18,False,1.26693465235,103.764857223,2.93233,309.996
MSC ANA CAMILA III,5LBP2   ,9261827,LR,,CS,25703,636020962,1.26748216982,103.764609582,2.93233,5.68005,5.39132,309.027,5.30580092606,304.997,2023-06-01 11:21:28,False,1.2672023142,103.764566911,2.82944,307.996
MSC ANA CAMILA III,5LBP2   ,9261827,LR,,CS,25703,636020962,1.26763966849,103.764427229,2.98378,5.78407,5.40703,309.682,5.30580092606,303.997,2023-06-01 11:21:38,False,1.26733853934,103.764394369,2.778,305.997
MSC ANA CAMILA III,5LBP2   ,9261827,LR,,CS,25703,636020962,1.26777407859,103.764263567,2.98378,5.78407,5.40703,309.682,5.30580092606,303.997,2023-06-01 11:21:48,False,1.26744686174,103.764271739,2.67511,304.997
MSC ANA CAMILA III,5LBP2   ,9261827,LR,,CS,25703,636020962,1.26802775101,103.763947826,2.98378,5.79905,5.40703,309.56,5.30580092606,303.997,2023-06-01 11:21:58,False,1.2676593393,103.763997723,2.57222,306.996
MSC ANA CAMILA III,5LBP2   ,9261827,LR,,CS,25703,636020962,1.26817184387,103.763811717,2.98378,5.79409,5.40703,310.101,5.30580092606,303.997,2023-06-01 11:22:08,False,1.26777561045,103.763858078,2.36644,306.996
MSC ANA CAMILA III,5LBP2   ,9261827,LR,,CS,25703,636020962,1.26841994261,103.763524652,2.98378,5.78407,5.41576,309.682,5.28834763354,302.997,2023-06-01 11:22:18,False,1.26786562793,103.763764203,2.36644,306.996
MSC ANA CAMILA III,5LBP2   ,9261827,LR,,CS,25703,636020962,1.26841994261,103.763524652,2.98378,5.78407,5.41576,309.682,5.28834763354,302.997,2023-06-01 11:22:28,False,1.26799429226,103.763607982,2.10922,304.997
MSC ANA CAMILA III,5LBP2   ,9261827,LR,,CS,25703,636020962,1.26860703179,103.763286569,2.98378,5.78639,5.37736,308.179,5.27089434102,301.998,2023-06-01 11:22:38,False,1.26808319002,103.763497207,2.05778,305.997
MSC ANA CAMILA III,5LBP2   ,9261827,LR,,CS,25703,636020962,1.26888437501,103.762925032,2.98378,5.78639,5.37736,308.179,5.27089434102,301.998,2023-06-01 11:22:48,False,1.26816207848,103.763399857,2.00633,302.997
MSC ANA CAMILA III,5LBP2   ,9261827,LR,,CS,25703,636020962,1.2690095626,103.762771795,2.98378,5.78877,5.35642,306.947,5.27089434102,301.998,2023-06-01 11:22:58,False,1.2683773608,103.763111179,2.41789,300.998
MSC ANA CAMILA III,5LBP2   ,9261827,LR,,CS,25703,636020962,1.26913832041,103.762599165,2.98378,5.70713,5.35642,306.831,5.27089434102,301.998,2023-06-01 11:23:08,False,1.26849299861,103.762933969,3.03522,305.997
MSC ANA CAMILA III,5LBP2   ,9261827,LR,,CS,25703,636020962,1.26936611088,103.762281178,2.93233,5.69228,5.34071,305.97,5.27089434102,301.998,2023-06-01 11:23:18,False,1.26865376326,103.762720378,3.39533,309.996
MSC ANA CAMILA III,5LBP2   ,9261827,LR,,CS,25703,636020962,1.26945724688,103.762159128,2.88089,5.59439,5.35991,306.95,5.27089434102,301.998,2023-06-01 11:23:28,False,1.26896856735,103.762370852,3.39533,306.996
MSC ANA CAMILA III,5LBP2   ,9261827,LR,,CS,25703,636020962,1.26968285866,103.761858462,2.82944,5.48219,5.34245,306.057,5.27089434102,301.998,2023-06-01 11:23:38,False,1.26908343698,103.762232839,3.34389,304.997
MSC ANA CAMILA III,5LBP2   ,9261827,LR,,CS,25703,636020962,1.26980434373,103.761700021,2.72656,5.28729,5.36165,307.081,5.2534410485,300.998,2023-06-01 11:23:48,False,1.26922869949,103.762035526,3.29244,307.996
MSC ANA CAMILA III,5LBP2   ,9261827,LR,,CS,25703,636020962,1.26991286661,103.761548671,2.72656,5.19065,5.36165,306.012,5.2534410485,300.998,2023-06-01 11:23:58,False,1.26954712466,103.76167597,3.241,310.995
MSC ANA CAMILA III,5LBP2   ,9261827,LR,,CS,25703,636020962,1.27012874598,103.761269136,2.72656,5.08924,5.36165,306.301,5.2534410485,300.998,2023-06-01 11:24:08,False,1.26969477574,103.761508429,3.241,307.996
MSC ANA CAMILA III,5LBP2   ,9261827,LR,,CS,25703,636020962,1.27023049543,103.761131948,2.72656,4.99205,5.36165,306.29,5.2534410485,300.998,2023-06-01 11:24:18,False,1.26995031211,103.76119689,3.13811,305.997
MSC ANA CAMILA III,5LBP2   ,9261827,LR,,CS,25703,636020962,1.27032392328,103.761012748,2.72656,4.89482,5.36165,307.416,5.2534410485,300.998,2023-06-01 11:24:28,False,1.27009258898,103.761026673,3.13811,305.997
MSC ANA CAMILA III,5LBP2   ,9261827,LR,,CS,25703,636020962,1.27049881446,103.760795664,2.41789,4.69691,5.37212,307.771,5.2534410485,300.998,2023-06-01 11:24:38,False,1.27018713207,103.760906421,3.13811,305.997
MSC ANA CAMILA III,5LBP2   ,9261827,LR,,CS,25703,636020962,1.27060727871,103.760658441,2.36644,4.69691,5.35467,307.771,5.2534410485,300.998,2023-06-01 11:24:48,False,1.27036181308,103.760701551,2.41789,303.997
MSC ANA CAMILA III,5LBP2   ,9261827,LR,,CS,25703,636020962,1.27069099055,103.76054613,2.36644,4.59525,5.35467,306.918,5.2534410485,300.998,2023-06-01 11:24:58,False,1.27045336563,103.760576323,2.36644,307.996
MSC ANA CAMILA III,5LBP2   ,9261827,LR,,CS,25703,636020962,1.27090184969,103.760286478,2.315,4.48721,5.37736,307.962,5.2534410485,300.998,2023-06-01 11:25:08,False,1.27055721559,103.76043896,2.21211,306.996
MSC ANA CAMILA III,5LBP2   ,9261827,LR,,CS,25703,636020962,1.2710009192,103.760164796,2.26356,4.39003,5.37736,307.986,5.2534410485,300.998,2023-06-01 11:25:18,False,1.2707445823,103.760198815,2.26356,306.996
MSC ANA CAMILA III,5LBP2   ,9261827,LR,,CS,25703,636020962,1.27117386118,103.759945596,2.26356,4.39003,5.37561,307.986,5.2534410485,300.998,2023-06-01 11:25:28,False,1.27080127954,103.760137706,2.21211,307.996
MSC ANA CAMILA III,5LBP2   ,9261827,LR,,CS,25703,636020962,1.27122589531,103.759893016,2.21211,4.28087,5.40005,309.472,5.2534410485,300.998,2023-06-01 11:25:38,False,1.27095627398,103.759944683,2.16067,308.996
MSC ANA CAMILA III,5LBP2   ,9261827,LR,,CS,25703,636020962,1.2713406272,103.759770447,2.16067,4.18378,5.40179,309.533,5.2534410485,300.998,2023-06-01 11:25:48,False,1.27104211473,103.759838979,2.16067,308.996
MSC ANA CAMILA III,5LBP2   ,9261827,LR,,CS,25703,636020962,1.2715201632,103.759554406,2.10922,4.08938,5.40005,309.213,5.2534410485,300.998,2023-06-01 11:25:58,False,1.27113174692,103.759729959,2.05778,308.996
MSC ANA CAMILA III,5LBP2   ,9261827,LR,,CS,25703,636020962,1.27160558428,103.759444307,2.05778,3.99227,5.3983,309.27,5.23598775598,299.998,2023-06-01 11:26:08,False,1.27132481737,103.759503484,2.00633,308.996
MSC ANA CAMILA III,5LBP2   ,9261827,LR,,CS,25703,636020962,1.27168354425,103.759350344,2.05778,3.99511,5.3983,308.877,5.23598775598,299.998,2023-06-01 11:26:18,False,1.27142592592,103.759383644,1.95489,308.996
MSC ANA CAMILA III,5LBP2   ,9261827,LR,,CS,25703,636020962,1.27186056907,103.759144614,2.00633,3.87762,5.41052,309.916,5.21853446346,298.998,2023-06-01 11:26:28,False,1.27150580514,103.759289734,1.95489,308.996
MSC ANA CAMILA III,5LBP2   ,9261827,LR,,CS,25703,636020962,1.27194152171,103.759046141,1.95489,3.79548,5.40703,309.806,5.21853446346,298.998,2023-06-01 11:26:38,False,1.27166328943,103.759102976,1.90344,307.996
MSC ANA CAMILA III,5LBP2   ,9261827,LR,,CS,25703,636020962,1.27202068773,103.758951608,1.95489,3.79548,5.40703,309.806,5.21853446346,298.998,2023-06-01 11:26:48,False,1.2717409056,103.7590114,1.95489,305.997
MSC ANA CAMILA III,5LBP2   ,9261827,LR,,CS,25703,636020962,1.27219816318,103.758722045,2.00633,3.88015,5.3442,306.238,5.20108117094,297.999,2023-06-01 11:26:58,False,1.27191219196,103.758773484,2.00633,302.997
MSC ANA CAMILA III,5LBP2   ,9261827,LR,,CS,25703,636020962,1.27223814074,103.758640807,2.05778,3.99113,5.27264,302.065,5.21853446346,298.998,2023-06-01 11:27:08,False,1.27202667305,103.758615991,2.10922,302.997
MSC ANA CAMILA III,5LBP2   ,9261827,LR,,CS,25703,636020962,1.27231623487,103.758517353,2.05778,3.99113,5.27264,302.065,5.21853446346,298.998,2023-06-01 11:27:18,False,1.27209663854,103.758502996,2.16067,303.997
MSC ANA CAMILA III,5LBP2   ,9261827,LR,,CS,25703,636020962,1.27250711161,103.758220829,2.16067,4.191,5.26915,301.921,5.23598775598,299.998,2023-06-01 11:27:28,False,1.27225694209,103.758248882,2.21211,305.997
MSC ANA CAMILA III,5LBP2   ,9261827,LR,,CS,25703,636020962,1.27257678864,103.758114758,2.16067,4.26451,5.26915,303.473,5.23598775598,299.998,2023-06-01 11:27:38,False,1.27232907611,103.758130851,2.21211,305.997
MSC ANA CAMILA III,5LBP2   ,9261827,LR,,CS,25703,636020962,1.2727817228,103.757869654,2.16067,4.19443,5.26915,303.469,5.23598775598,299.998,2023-06-01 11:27:48,False,1.27240616476,103.758014688,2.21211,305.997
MSC ANA CAMILA III,5LBP2   ,9261827,LR,,CS,25703,636020962,1.27282564128,103.757767778,2.16067,4.25986,5.26915,304.778,5.23598775598,299.998,2023-06-01 11:27:58,False,1.27256248273,103.757800368,2.10922,304.997
MSC ANA CAMILA III,5LBP2   ,9261827,LR,,CS,25703,636020962,1.27293060754,103.757633055,2.16067,4.16273,5.31976,304.729,5.23598775598,299.998,2023-06-01 11:28:08,False,1.27265529545,103.757679545,2.10922,306.996
MSC ANA CAMILA III,5LBP2   ,9261827,LR,,CS,25703,636020962,1.27309063236,103.75742844,2.16067,4.04964,5.31976,304.834,5.23598775598,299.998,2023-06-01 11:28:18,False,1.27272091483,103.757572631,2.10922,309.996
MSC ANA CAMILA III,5LBP2   ,9261827,LR,,CS,25703,636020962,1.27319595961,103.757293911,2.10922,4.06305,5.34245,306.048,5.23598775598,299.998,2023-06-01 11:28:28,False,1.27288714892,103.757323352,2.05778,315.0
MSC ANA CAMILA III,5LBP2   ,9261827,LR,,CS,25703,636020962,1.27325396969,103.757226308,2.05778,3.95017,5.34245,306.193,5.23598775598,299.998,2023-06-01 11:28:38,False,1.2729290353,103.757306494,2.05778,315.0
MSC ANA CAMILA III,5LBP2   ,9261827,LR,,CS,25703,636020962,1.27340396444,103.757005951,2.00633,3.85298,5.34245,306.176,5.23598775598,299.998,2023-06-01 11:28:48,False,1.27301518159,103.757227361,1.59478,301.998
MSC ANA CAMILA III,5LBP2   ,9261827,LR,,CS,25703,636020962,1.27347809883,103.756904644,1.95489,3.85298,5.3442,306.176,5.23598775598,299.998,2023-06-01 11:28:58,False,1.27309701574,103.757100729,1.44044,291.995
MSC ANA CAMILA III,5LBP2   ,9261827,LR,,CS,25703,636020962,1.27365036202,103.756728634,1.95489,3.7558,5.3442,306.158,5.23598775598,299.998,2023-06-01 11:29:08,False,1.27313848597,103.757008988,1.44044,291.995
MSC ANA CAMILA III,5LBP2   ,9261827,LR,,CS,25703,636020962,1.273725408,103.756635039,1.90344,3.65861,5.34594,306.139,5.23598775598,299.998,2023-06-01 11:29:18,False,1.27322017094,103.75678744,1.54333,294.0
MSC ANA CAMILA III,5LBP2   ,9261827,LR,,CS,25703,636020962,1.27381348426,103.756518139,1.90344,3.65861,5.34594,306.139,5.23598775598,299.998,2023-06-01 11:29:28,False,1.27328333056,103.756693048,1.59478,294.0
MSC ANA CAMILA III,5LBP2   ,9261827,LR,,CS,25703,636020962,1.27388604102,103.756415209,1.852,3.55729,5.35118,306.557,5.23598775598,299.998,2023-06-01 11:29:38,False,1.2733515462,103.756565548,1.852,296.999
MSC ANA CAMILA III,5LBP2   ,9261827,LR,,CS,25703,636020962,1.27403118921,103.756222668,1.80056,3.47171,5.35642,306.806,5.23598775598,299.998,2023-06-01 11:29:48,False,1.27342910733,103.756450903,1.90344,297.999
MSC ANA CAMILA III,5LBP2   ,9261827,LR,,CS,25703,636020962,1.27409730306,103.756144939,1.74911,3.37071,5.36165,307.266,5.23598775598,299.998,2023-06-01 11:29:58,False,1.27358635891,103.756306799,1.74911,299.998
MSC ANA CAMILA III,5LBP2   ,9261827,LR,,CS,25703,636020962,1.27424109263,103.755962287,1.74911,3.37071,5.3634,307.266,5.23598775598,299.998,2023-06-01 11:30:08,False,1.27365171039,103.756241521,1.74911,296.999
MSC ANA CAMILA III,5LBP2   ,9261827,LR,,CS,25703,636020962,1.27428668991,103.755914024,1.69767,3.26994,5.36863,307.755,5.23598775598,299.998,2023-06-01 11:30:18,False,1.27372664335,103.756137221,1.74911,296.999
MSC ANA CAMILA III,5LBP2   ,9261827,LR,,CS,25703,636020962,1.27437547962,103.755791113,1.64622,3.17276,5.37387,307.783,5.23598775598,299.998,2023-06-01 11:30:28,False,1.27387531518,103.755939547,1.64622,293.0
MSC ANA CAMILA III,5LBP2   ,9261827,LR,,CS,25703,636020962,1.27449408926,103.755616991,1.64622,3.1847,5.37561,308.059,5.23598775598,299.998,2023-06-01 11:30:38,False,1.27393637479,103.755853517,1.59478,291.995
MSC ANA CAMILA III,5LBP2   ,9261827,LR,,CS,25703,636020962,1.27455428743,103.755521888,1.64622,3.08753,5.37561,308.096,5.23598775598,299.998,2023-06-01 11:30:48,False,1.27406965046,103.755692496,1.54333,294.999
MSC ANA CAMILA III,5LBP2   ,9261827,LR,,CS,25703,636020962,1.27461334262,103.755431673,1.54333,2.9872,5.38609,308.66,5.2534410485,300.998,2023-06-01 11:30:58,False,1.27412485948,103.755617443,1.54333,294.999
MSC ANA CAMILA III,5LBP2   ,9261827,LR,,CS,25703,636020962,1.27472547173,103.755280339,1.54333,2.9872,5.38609,308.66,5.2534410485,300.998,2023-06-01 11:31:08,False,1.27418514521,103.755561528,1.54333,294.0
MSC ANA CAMILA III,5LBP2   ,9261827,LR,,CS,25703,636020962,1.27478049483,103.755208358,1.49189,2.89006,5.39132,308.72,5.2534410485,300.998,2023-06-01 11:31:18,False,1.27428995164,103.755362338,1.59478,290.995
MSC ANA CAMILA III,5LBP2   ,9261827,LR,,CS,25703,636020962,1.27491487038,103.755042677,1.49189,2.89006,5.38958,308.72,5.2534410485,300.998,2023-06-01 11:31:28,False,1.27436116186,103.755224027,1.59478,290.995
MSC ANA CAMILA III,5LBP2   ,9261827,LR,,CS,25703,636020962,1.27496083046,103.754984147,1.44044,2.77779,5.39307,309.036,5.23598775598,299.998,2023-06-01 11:31:38,False,1.27446526394,103.754995064,2.16067,294.0
MSC ANA CAMILA III,5LBP2   ,9261827,LR,,CS,25703,636020962,1.27502111565,103.75491407,1.44044,2.79292,5.39307,308.784,5.23598775598,299.998,2023-06-01 11:31:48,False,1.27453020501,103.754863975,2.16067,294.0
MSC ANA CAMILA III,5LBP2   ,9261827,LR,,CS,25703,636020962,1.27508586773,103.75483685,1.44044,2.78078,5.38609,308.472,5.23598775598,299.998,2023-06-01 11:31:58,False,1.27464588499,103.754698339,2.36644,306.996
MSC ANA CAMILA III,5LBP2   ,9261827,LR,,CS,25703,636020962,1.27519861845,103.754703531,1.389,2.6882,5.42274,310.601,5.23598775598,299.998,2023-06-01 11:32:08,False,1.27482375784,103.754494223,2.10922,340.999
MSC ANA CAMILA III,5LBP2   ,9261827,LR,,CS,25703,636020962,1.27524181045,103.754632998,1.49189,2.87696,5.34769,306.483,5.23598775598,299.998,2023-06-01 11:32:18,False,1.2748446727,103.754459079,1.44044,32.9974
MSC ANA CAMILA III,5LBP2   ,9261827,LR,,CS,25703,636020962,1.27534693763,103.754452137,1.59478,3.07035,5.26217,301.275,5.2534410485,300.998,2023-06-01 11:32:28,False,1.27480553366,103.754331294,1.64622,87.995
MSC ANA CAMILA III,5LBP2   ,9261827,LR,,CS,25703,636020962,1.27541041325,103.754323032,1.69767,3.27196,5.22377,299.154,5.27089434102,301.998,2023-06-01 11:32:38,False,1.27495957053,103.754014607,2.46933,135.0
MSC ANA CAMILA III,5LBP2   ,9261827,LR,,CS,25703,636020962,1.27548898453,103.754197664,1.74911,3.39283,5.21504,298.768,5.28834763354,302.997,2023-06-01 11:32:48,False,1.27505982843,103.753886378,2.46933,133.995
MSC ANA CAMILA III,5LBP2   ,9261827,LR,,CS,25703,636020962,1.27562106371,103.754000727,1.74911,3.49054,5.21504,301.566,5.28834763354,302.997,2023-06-01 11:32:58,False,1.27520165948,103.753735201,2.41789,130.995
MSC ANA CAMILA III,5LBP2   ,9261827,LR,,CS,25703,636020962,1.27569262626,103.753898622,1.80056,3.48816,5.30755,303.867,5.32325421858,304.997,2023-06-01 11:33:08,False,1.2753980311,103.753525934,2.36644,123.997
MSC ANA CAMILA III,5LBP2   ,9261827,LR,,CS,25703,636020962,1.27573309746,103.753826351,1.74911,3.39656,5.29358,303.326,5.3407075111,305.997,2023-06-01 11:33:18,False,1.27547813938,103.753438473,2.26356,123.997
MSC ANA CAMILA III,5LBP2   ,9261827,LR,,CS,25703,636020962,1.27586210491,103.753646122,1.74911,3.38586,5.29358,304.237,5.3407075111,306.996,2023-06-01 11:33:28,False,1.27559718295,103.753300116,2.00633,123.997
MSC ANA CAMILA III,5LBP2   ,9261827,LR,,CS,25703,636020962,1.2759518115,103.753541936,1.74911,3.40572,5.29358,306.412,5.3407075111,306.996,2023-06-01 11:33:38,False,1.27575188701,103.753099555,1.95489,123.997
MSC ANA CAMILA III,5LBP2   ,9261827,LR,,CS,25703,636020962,1.27611776642,103.753337065,1.69767,3.32801,5.36165,307.405,5.39306738866,308.996,2023-06-01 11:33:48,False,1.27580943189,103.752994659,1.852,122.997
MSC ANA CAMILA III,5LBP2   ,9261827,LR,,CS,25703,636020962,1.27620116895,103.753236179,1.69767,3.33645,5.37387,308.138,5.39306738866,308.996,2023-06-01 11:33:58,False,1.27588193538,103.752903118,1.852,122.997
MSC ANA CAMILA III,5LBP2   ,9261827,LR,,CS,25703,636020962,1.27627985031,103.75314741,1.69767,3.30596,5.37387,308.555,5.39306738866,308.996,2023-06-01 11:34:08,False,1.27604242572,103.752700275,1.74911,122.997
MSC ANA CAMILA III,5LBP2   ,9261827,LR,,CS,25703,636020962,1.27642269834,103.752974867,1.64622,3.19365,5.39132,308.823,5.41052068118,309.996,2023-06-01 11:34:18,False,1.27610330523,103.752627933,1.64622,119.998
MSC ANA CAMILA III,5LBP2   ,9261827,LR,,CS,25703,636020962,1.27647663256,103.752924085,1.64622,3.18179,5.39132,311.285,5.41052068118,310.995,2023-06-01 11:34:28,False,1.27625690125,103.752481029,1.49189,119.998
MSC ANA CAMILA III,5LBP2   ,9261827,LR,,CS,25703,636020962,1.27655731435,103.752837256,1.64622,3.18013,5.44194,311.779,5.4279739737,310.995,2023-06-01 11:34:38,False,1.27630945531,103.752424869,1.54333,121.998
MSC ANA CAMILA III,5LBP2   ,9261827,LR,,CS,25703,636020962,1.27667179885,103.752707543,1.59478,3.08196,5.45066,312.444,5.44542726622,311.995,2023-06-01 11:34:48,False,1.27637585844,103.752366084,1.64622,121.998
MSC ANA CAMILA III,5LBP2   ,9261827,LR,,CS,25703,636020962,1.27675596931,103.752624855,1.59478,3.09511,5.45066,312.709,5.44542726622,311.995,2023-06-01 11:34:58,False,1.27652805891,103.752187214,1.69767,120.998
MSC ANA CAMILA III,5LBP2   ,9261827,LR,,CS,25703,636020962,1.27683433318,103.752548652,1.59478,3.09413,5.46637,313.218,5.46288055874,312.995,2023-06-01 11:35:08,False,1.27662302279,103.75210528,1.69767,118.998
MSC ANA CAMILA III,5LBP2   ,9261827,LR,,CS,25703,636020962,1.27698234873,103.75240331,1.59478,2.98347,5.46637,313.68,5.46288055874,312.995,2023-06-01 11:35:18,False,1.27670929039,103.75204209,1.64622,126.996
MSC ANA CAMILA III,5LBP2   ,9261827,LR,,CS,25703,636020962,1.27706526944,103.752319464,1.54333,2.98296,5.48382,314.208,5.48033385126,313.995,2023-06-01 11:35:28,False,1.27691797518,103.751898589,1.80056,138.999
MSC ANA CAMILA III,5LBP2   ,9261827,LR,,CS,25703,636020962,1.27714460519,103.752253774,1.54333,2.98347,5.48382,316.32,5.48033385126,313.995,2023-06-01 11:35:38,False,1.27698346867,103.751869638,1.59478,140.999
MSC ANA CAMILA III,5LBP2   ,9261827,LR,,CS,25703,636020962,1.27726751233,103.752138916,1.54333,2.68201,5.48382,317.056,5.48033385126,313.995,2023-06-01 11:35:48,False,1.27712382458,103.751801848,1.18322,133.995
MSC ANA CAMILA III,5LBP2   ,9261827,LR,,CS,25703,636020962,1.27732267507,103.752083466,1.23467,2.39417,5.54317,317.632,5.49778714378,315.0,2023-06-01 11:35:58,False,1.27718138937,103.751771029,1.08033,131.995
MSC ANA CAMILA III,5LBP2   ,9261827,LR,,CS,25703,636020962,1.2774345342,103.751979806,1.13178,2.2035,5.55364,318.576,5.49778714378,315.0,2023-06-01 11:36:08,False,1.27724655583,103.751735471,0.823111,114.999
MSC ANA CAMILA III,5LBP2   ,9261827,LR,,CS,25703,636020962,1.27747683342,103.751948478,1.02889,2.01148,5.56585,318.918,5.5152404363,316.0,2023-06-01 11:36:18,False,1.27724037226,103.751727767,0.257222,52.998
MSC ANA CAMILA III,5LBP2   ,9261827,LR,,CS,25703,636020962,1.27750883313,103.751928699,1.02889,1.7877,5.56585,316.762,5.5152404363,316.0,2023-06-01 11:36:28,False,1.27723684161,103.751722853,0.205778,39.9957
MSC ANA CAMILA III,5LBP2   ,9261827,LR,,CS,25703,636020962,1.27758360979,103.751870159,0.823111,1.5879,5.59902,320.464,5.53269372882,317.0,2023-06-01 11:36:38,False,1.27726744892,103.751723668,0.360111,28.9984
MSC ANA CAMILA III,5LBP2   ,9261827,LR,,CS,25703,636020962,1.27761146685,103.751863568,0.823111,1.57559,5.60076,321.009,5.53269372882,317.0,2023-06-01 11:36:48,False,1.27736015555,103.751680063,0.720222,28.9984
MSC ANA CAMILA III,5LBP2   ,9261827,LR,,CS,25703,636020962,1.27766408669,103.751853379,0.823111,1.3909,5.60076,333.435,5.53269372882,317.0,2023-06-01 11:36:58,False,1.277401444,103.751660853,0.771667,32.9974
MSC ANA CAMILA III,5LBP2   ,9261827,LR,,CS,25703,636020962,1.27776990782,103.751824383,0.720222,1.39538,5.8102,341.313,5.53269372882,317.0,2023-06-01 11:37:08,False,1.2774644187,103.751643529,0.771667,33.9972
MSC ANA CAMILA III,5LBP2   ,9261827,LR,,CS,25703,636020962,1.27780438444,103.751823504,0.668778,1.28235,6.0336,345.964,5.49778714378,315.0,2023-06-01 11:37:18,False,1.27755757013,103.751626011,0.617333,35.9967
MSC ANA CAMILA III,5LBP2   ,9261827,LR,,CS,25703,636020962,1.27784513773,103.751811069,0.617333,1.19353,5.99695,343.926,5.49778714378,315.0,2023-06-01 11:37:28,False,1.2776069641,103.751613286,0.617333,38.996
MSC ANA CAMILA III,5LBP2   ,9261827,LR,,CS,25703,636020962,1.27791402449,103.751802915,0.565889,1.09702,6.15229,352.875,5.48033385126,313.995,2023-06-01 11:37:38,False,1.27764687288,103.751601289,0.617333,42.995
MSC ANA CAMILA III,5LBP2   ,9261827,LR,,CS,25703,636020962,1.27793215581,103.751800132,0.514444,0.981401,6.13134,352.03,5.48033385126,313.995,2023-06-01 11:37:48,False,1.27770162772,103.751589784,0.617333,46.9995
MSC ANA CAMILA III,5LBP2   ,9261827,LR,,CS,25703,636020962,1.27799514105,103.751798235,0.514444,0.981401,6.1296,352.03,5.48033385126,313.995,2023-06-01 11:37:58,False,1.27774337484,103.751584149,0.514444,49.9988
MSC ANA CAMILA III,5LBP2   ,9261827,LR,,CS,25703,636020962,1.27803088207,103.751807078,0.463,0.897543,6.19592,355.03,5.48033385126,313.995,2023-06-01 11:38:08,True,1.27781429835,103.751574783,0.514444,52.998
MSC ANA CAMILA III,5LBP2   ,9261827,LR,,CS,25703,636020962,1.2780717056,103.751812385,0.463,0.897543,6.19592,355.03,5.48033385126,313.995,2023-06-01 11:38:18,True,1.27784564309,103.751575151,0.514444,53.9978
MSC ANA CAMILA III,5LBP2   ,9261827,LR,,CS,25703,636020962,1.2781376553,103.751819253,0.463,0.895013,0.0541052,2.48955,5.46288055874,312.995,2023-06-01 11:38:28,True,1.27787819661,103.751574193,0.514444,53.9978
MSC ANA CAMILA III,5LBP2   ,9261827,LR,,CS,25703,636020962,1.27818072315,103.751824166,0.514444,0.996114,0.111701,5.59934,5.46288055874,312.995,2023-06-01 11:38:38,False,1.27795430872,103.751592942,0.514444,54.9976
MSC ANA CAMILA III,5LBP2   ,9261827,LR,,CS,25703,636020962,1.27821214873,103.751831044,0.514444,0.981401,0.155334,7.96961,5.44542726622,311.995,2023-06-01 11:38:48,False,1.27798672599,103.751608656,0.565889,54.9976
MSC ANA CAMILA III,5LBP2   ,9261827,LR,,CS,25703,636020962,1.27828187402,103.751839105,0.514444,0.981401,0.141372,7.96961,5.4279739737,310.995,2023-06-01 11:38:58,False,1.27802180568,103.751615868,0.565889,54.9976
MSC ANA CAMILA III,5LBP2   ,9261827,LR,,CS,25703,636020962,1.27832184631,103.751842465,0.565889,1.08333,0.176278,9.29331,5.4279739737,310.995,2023-06-01 11:39:08,False,1.27808512149,103.751626676,0.565889,50.9985
MSC ANA CAMILA III,5LBP2   ,9261827,LR,,CS,25703,636020962,1.2783980058,103.751858993,0.565889,1.07967,0.242601,13.5359,5.41052068118,309.996,2023-06-01 11:39:18,False,1.27813043362,103.751629657,0.514444,46.9995
MSC ANA CAMILA III,5LBP2   ,9261827,LR,,CS,25703,636020962,1.27843324095,103.751860887,0.565889,0.987542,0.242601,10.204,5.41052068118,309.996,2023-06-01 11:39:28,False,1.27816585328,103.751635518,0.514444,46.9995
MSC ANA CAMILA III,5LBP2   ,9261827,LR,,CS,25703,636020962,1.27847414848,103.751868906,0.514444,0.987542,0.181514,10.204,5.39306738866,308.996,2023-06-01 11:39:38,False,1.27824089034,103.751659637,0.514444,46.9995
MSC ANA CAMILA III,5LBP2   ,9261827,LR,,CS,25703,636020962,1.27850618119,103.751874749,0.514444,0.987542,0.181514,10.204,5.39306738866,308.996,2023-06-01 11:39:48,False,1.27827058634,103.751674947,0.514444,45.0
MSC ANA CAMILA III,5LBP2   ,9261827,LR,,CS,25703,636020962,1.27858340154,103.751889996,0.514444,0.984284,0.172788,9.09028,5.39306738866,308.996,2023-06-01 11:39:58,False,1.27833284155,103.751693977,0.514444,45.0
MSC ANA CAMILA III,5LBP2   ,9261827,LR,,CS,25703,636020962,1.27861552255,103.75189533,0.514444,0.984284,0.172788,9.09028,5.39306738866,308.996,2023-06-01 11:40:08,False,1.27836921199,103.751706787,0.514444,43.9948
MSC ANA CAMILA III,5LBP2   ,9261827,LR,,CS,25703,636020962,1.27869271763,103.751913982,0.514444,0.981401,0.146608,7.96961,5.35816080362,306.996,2023-06-01 11:40:18,False,1.27839219238,103.751716316,0.463,42.995
MSC ANA CAMILA III,5LBP2   ,9261827,LR,,CS,25703,636020962,1.27871765136,103.751934769,0.463,0.896068,0.228638,12.5288,5.35816080362,306.996,2023-06-01 11:40:28,True,1.27844336765,103.751748254,0.411556,42.995
